6474	2160	16
-0.11974501609802246	0.7629125118255615	-0.18786506354808807	0.8041166663169861	0.5476948618888855	1.0	2	0.0	0	0.0	0	-0.45815950632095337	-0.880972683429718	0.11822449415922165	-0.828239917755127	0.47139614820480347	0.3029923141002655	-0.3226585388183594	0.0409005731344223	-0.9456313848495483
-0.23965460062026978	0.8400666117668152	-0.07762613147497177	0.8150141835212708	0.5531436204910278	1.0	2	0.0	0	0.0	0	-0.45815950632095337	-0.880972683429718	0.11822449415922165	-0.8282400369644165	0.47139614820480347	0.3029922842979431	-0.3226584494113922	0.040900543332099915	-0.9456313848495483
-0.2553042769432068	0.8400666117668152	-0.13827386498451233	0.8150141835212708	0.5476948618888855	1.0	2	0.0	0	0.0	0	-0.45815950632095337	-0.880972683429718	0.11822449415922165	-0.828239917755127	0.4713961184024811	0.3029922842979431	-0.3226584792137146	0.04090055823326111	-0.9456313848495483
0.13058751821517944	-0.3951437771320343	-0.1352330893278122	0.7169370055198669	0.5531436204910278	1.0	2	0.0	0	0.0	0	-0.8548635840415955	0.4696268141269684	0.22058771550655365	0.4427017867565155	0.8819221258163452	-0.16195207834243774	-0.27059823274612427	-0.040792353451251984	-0.9618277549743652
0.1690429449081421	-0.2507984936237335	-0.2935115098953247	0.7278344631195068	0.5476948618888855	1.0	2	0.0	0	0.0	0	-0.8548635840415955	0.4696268141269684	0.22058771550655365	0.4427017867565155	0.8819221258163452	-0.16195206344127655	-0.27059823274612427	-0.040792353451251984	-0.9618277549743652
0.09658539295196533	-0.3951437771320343	-0.2670046091079712	0.7169370055198669	0.5476948618888855	1.0	2	0.0	0	0.0	0	-0.8548635840415955	0.4696268141269684	0.22058771550655365	0.4427017867565155	0.8819221258163452	-0.16195206344127655	-0.27059823274612427	-0.040792353451251984	-0.9618277549743652
-0.0009266138076782227	0.659080445766449	-0.23133207857608795	0.793219268321991	0.5476948618888855	1.0	2	0.0	0	0.0	0	-0.6160438656806946	-0.7715054154396057	0.15896326303482056	-0.7259575128555298	0.6343939304351807	0.2655750811100006	-0.3057379424571991	0.04820532351732254	-0.9508946537971497
-0.09702548384666443	0.7629125118255615	-0.0998181402683258	0.8041166663169861	0.5531436204910278	1.0	2	0.0	0	0.0	0	-0.6160438656806946	-0.7715054154396057	0.15896326303482056	-0.7259575128555298	0.6343939304351807	0.2655750811100006	-0.3057379424571991	0.04820532351732254	-0.9508946537971497
-0.11974501609802246	0.7629125118255615	-0.18786506354808807	0.8041166663169861	0.5476948618888855	1.0	2	0.0	0	0.0	0	-0.6160438656806946	-0.7715054154396057	0.15896326303482056	-0.7259575128555298	0.6343939304351807	0.2655750811100006	-0.3057379424571991	0.04820532351732254	-0.9508946537971497
0.027989983558654785	-0.5216634273529053	-0.11926964670419693	0.706039547920227	0.5531436204910278	1.0	2	0.0	0	0.0	0	-0.7499435544013977	0.6325634121894836	0.19351553916931152	0.5957790613174438	0.7730099558830261	-0.21795211732387543	-0.2874579131603241	-0.04815927892923355	-0.9565817713737488
0.09658539295196533	-0.3951437771320343	-0.2670046091079712	0.7169370055198669	0.5476948618888855	1.0	2	0.0	0	0.0	0	-0.7499435544013977	0.6325634121894836	0.19351553916931152	0.5957790613174438	0.7730099558830261	-0.21795211732387543	-0.2874579131603241	-0.04815927892923355	-0.9565817713737488
-0.0009266138076782227	-0.5216634273529053	-0.23133207857608795	0.706039547920227	0.5476948618888855	1.0	2	0.0	0	0.0	0	-0.7499435544013977	0.6325634121894836	0.19351553916931152	0.5957790017127991	0.7730098366737366	-0.21795207262039185	-0.2874579429626465	-0.048159271478652954	-0.9565817713737488
0.09658539295196533	0.5325608253479004	-0.2670046091079712	0.7823217511177063	0.5476948618888855	1.0	2	0.0	0	0.0	0	-0.7499434947967529	-0.6325634121894836	0.19351547956466675	-0.5957791209220886	0.7730098962783813	0.21795213222503662	-0.2874579131603241	0.04815930128097534	-0.9565818309783936
0.027989983558654785	0.659080445766449	-0.11926964670419693	0.793219268321991	0.5531436204910278	1.0	2	0.0	0	0.0	0	-0.7499434947967529	-0.6325634121894836	0.19351547956466675	-0.5957790613174438	0.7730097770690918	0.21795208752155304	-0.2874578833580017	0.04815928637981415	-0.956581711769104
-0.0009266138076782227	0.659080445766449	-0.23133207857608795	0.793219268321991	0.5476948618888855	1.0	2	0.0	0	0.0	0	-0.7499434947967529	-0.6325634121894836	0.19351547956466675	-0.5957790613174438	0.7730098366737366	0.21795211732387543	-0.2874579131603241	0.04815930873155594	-0.956581711769104
-0.09702548384666443	-0.625495433807373	-0.0998181402683258	0.6951420903205872	0.5531436204910278	1.0	2	0.0	0	0.0	0	-0.6160410046577454	0.7715070843696594	0.15896621346473694	0.7259586453437805	0.6343920230865479	-0.26557642221450806	-0.30574098229408264	-0.04820307344198227	-0.950893759727478
-0.0009266138076782227	-0.5216634273529053	-0.23133207857608795	0.706039547920227	0.5476948618888855	1.0	2	0.0	0	0.0	0	-0.6160410046577454	0.7715070843696594	0.15896621346473694	0.7259586453437805	0.6343920230865479	-0.26557642221450806	-0.30574098229408264	-0.04820307344198227	-0.950893759727478
-0.11974546313285828	-0.625495433807373	-0.187864750623703	0.6951420307159424	0.5476948618888855	1.0	2	0.0	0	0.0	0	-0.6160410046577454	0.7715070843696594	0.15896621346473694	0.7259586453437805	0.6343920826911926	-0.26557639241218567	-0.30574098229408264	-0.04820304363965988	-0.950893759727478
0.1690429449081421	0.388215571641922	-0.2935115098953247	0.7714243531227112	0.5476948618888855	1.0	2	0.0	0	0.0	0	-0.8548635840415955	-0.46962690353393555	0.22058771550655365	-0.44270187616348267	0.8819221258163452	0.16195212304592133	-0.27059826254844666	0.04079237952828407	-0.96182781457901
0.13058751821517944	0.5325608253479004	-0.1352330893278122	0.7823217511177063	0.5531436204910278	1.0	2	0.0	0	0.0	0	-0.8548635840415955	-0.46962690353393555	0.22058771550655365	-0.44270187616348267	0.8819221258163452	0.16195212304592133	-0.27059826254844666	0.04079237952828407	-0.96182781457901
0.09658539295196533	0.5325608253479004	-0.2670046091079712	0.7823217511177063	0.5476948618888855	1.0	2	0.0	0	0.0	0	-0.8548635840415955	-0.46962690353393555	0.22058771550655365	-0.44270187616348267	0.8819221258163452	0.16195212304592133	-0.27059826254844666	0.04079237952828407	-0.96182781457901
-0.23965460062026978	-0.7026495933532715	-0.07762613147497177	0.6842446327209473	0.5531436204910278	1.0	2	0.0	0	0.0	0	-0.45816099643707275	0.8809718489646912	0.11822495609521866	0.8282394409179688	0.47139772772789	-0.3029911518096924	-0.32265764474868774	-0.040900155901908875	-0.9456316828727722
-0.11974546313285828	-0.625495433807373	-0.187864750623703	0.6951420307159424	0.5476948618888855	1.0	2	0.0	0	0.0	0	-0.45816099643707275	0.8809718489646912	0.11822495609521866	0.8282394409179688	0.47139772772789	-0.30299112200737	-0.32265761494636536	-0.04090014100074768	-0.9456316828727722
-0.2553042769432068	-0.7026495933532715	-0.13827386498451233	0.6842446327209473	0.5476948618888855	1.0	2	0.0	0	0.0	0	-0.45816099643707275	0.8809718489646912	0.11822495609521866	0.8282395005226135	0.4713977575302124	-0.3029911518096924	-0.32265764474868774	-0.040900152176618576	-0.945631742477417
0.21366256475448608	0.23159179091453552	-0.3098345994949341	0.7605268359184265	0.5476948618888855	1.0	2	0.0	0	0.0	0	-0.9269638061523438	-0.28900569677352905	0.2391943782567978	-0.2726169228553772	0.9569398164749146	0.09973080456256866	-0.25771740078926086	0.027238409966230392	-0.9658364057540894
0.20682436227798462	0.388215571641922	-0.1470949947834015	0.7714243531227112	0.5531436204910278	1.0	2	0.0	0	0.0	0	-0.9269638061523438	-0.28900569677352905	0.2391943782567978	-0.2726168930530548	0.9569398164749146	0.09973080456256866	-0.25771740078926086	0.02723841741681099	-0.9658364057540894
0.1690429449081421	0.388215571641922	-0.2935115098953247	0.7714243531227112	0.5476948618888855	1.0	2	0.0	0	0.0	0	-0.9269638061523438	-0.28900569677352905	0.2391943782567978	-0.2726169526576996	0.9569398760795593	0.09973081946372986	-0.2577173709869385	0.027238409966230392	-0.9658364057540894
-0.39441627264022827	-0.7501608729362488	-0.05354641377925873	0.6733471751213074	0.5531436204910278	1.0	2	0.0	0	0.0	0	-0.2823217511177063	0.9565495252609253	0.0728517472743988	0.89869225025177	0.29028457403182983	-0.32876619696617126	-0.335628867149353	-0.027346551418304443	-0.9415972828865051
-0.2553042769432068	-0.7026495933532715	-0.13827386498451233	0.6842446327209473	0.5476948618888855	1.0	2	0.0	0	0.0	0	-0.2823217511177063	0.9565495252609253	0.0728517472743988	0.8986921906471252	0.29028454422950745	-0.3287661671638489	-0.335628867149353	-0.027346547693014145	-0.9415973424911499
-0.40239447355270386	-0.7501608729362488	-0.08446425199508667	0.6733471751213074	0.5476948618888855	1.0	2	0.0	0	0.0	0	-0.2823217511177063	0.9565495252609253	0.0728517472743988	0.8986921906471252	0.29028454422950745	-0.3287661671638489	-0.335628867149353	-0.027346547693014145	-0.9415973424911499
0.2287287712097168	0.06870853900909424	-0.3153461217880249	0.7496293783187866	0.5476948618888855	1.0	2	0.0	0	0.0	0	-0.9636653065681458	-0.09755019098520279	0.24866287410259247	-0.09205156564712524	0.9951846599578857	0.033674318343400955	-0.25075042247772217	0.009560966864228249	-0.9680045247077942
0.2537708282470703	0.23159179091453552	-0.15439948439598083	0.7605268359184265	0.5531436204910278	1.0	2	0.0	0	0.0	0	-0.9636653065681458	-0.09755019098520279	0.24866287410259247	-0.09205156564712524	0.9951846599578857	0.033674322068691254	-0.25075042247772217	0.009560970589518547	-0.9680045247077942
0.21366256475448608	0.23159179091453552	-0.3098345994949341	0.7605268359184265	0.5476948618888855	1.0	2	0.0	0	0.0	0	-0.9636653065681458	-0.09755019098520279	0.24866287410259247	-0.09205156564712524	0.9951846599578857	0.033674322068691254	-0.25075042247772217	0.009560970589518547	-0.9680045247077942
-0.40239447355270386	0.8875778913497925	-0.08446425199508667	0.8259116411209106	0.5476948618888855	1.0	2	0.0	0	0.0	0	-0.09536367654800415	-0.9951382875442505	0.02460814267396927	-0.9635757207870483	0.09848753362894058	0.24864059686660767	-0.2498553842306137	-5.271286340757797e-07	-0.9682832360267639
-0.39441627264022827	0.8875778913497925	-0.05354641377925873	0.8259116411209106	0.5531436204910278	1.0	2	0.0	0	0.0	0	-0.09536367654800415	-0.9951382875442505	0.02460814267396927	-0.9635756611824036	0.09848752617835999	0.24864058196544647	-0.24985536932945251	-5.271285772323608e-07	-0.9682831764221191
-0.5553629994392395	0.9036206007003784	-0.02850424498319626	0.8368090987205505	0.5504192113876343	1.0	2	0.0	0	0.0	0	-0.09536367654800415	-0.9951382875442505	0.02460814267396927	-0.9635756611824036	0.09848752617835999	0.24864058196544647	-0.24985536932945251	-5.271285772323608e-07	-0.9682831764221191
-0.5553629994392395	-0.7662035226821899	-0.02850424498319626	0.6624497175216675	0.550419270992279	1.0	2	0.0	0	0.0	0	-0.09536334127187729	0.9951383471488953	0.024608055129647255	0.9635762572288513	0.09848717600107193	-0.24863852560520172	-0.24985328316688538	7.357447202593903e-07	-0.9682836532592773
-0.39441627264022827	-0.7501608729362488	-0.05354641377925873	0.6733471751213074	0.5531436204910278	1.0	2	0.0	0	0.0	0	-0.09536334127187729	0.9951383471488953	0.024608055129647255	0.9635762572288513	0.09848717600107193	-0.2486385554075241	-0.24985331296920776	7.338820751101593e-07	-0.9682836532592773
-0.40239447355270386	-0.7501608729362488	-0.08446425199508667	0.6733471751213074	0.5476948618888855	1.0	2	0.0	0	0.0	0	-0.09536334127187729	0.9951383471488953	0.024608055129647255	0.9635763168334961	0.09848718345165253	-0.2486385703086853	-0.24985332787036896	7.338821887969971e-07	-0.9682837128639221
0.2537708282470703	-0.09417472779750824	-0.15439948439598083	0.7387319207191467	0.5531436204910278	1.0	2	0.0	0	0.0	0	-0.963665246963501	0.0975501760840416	0.24866287410259247	0.09205155819654465	0.9951847195625305	-0.03367433324456215	-0.25075042247772217	-0.009560978040099144	-0.9680045247077942
0.2287287712097168	0.06870853900909424	-0.3153461217880249	0.7496293783187866	0.5476948618888855	1.0	2	0.0	0	0.0	0	-0.963665246963501	0.0975501760840416	0.24866287410259247	0.09205155074596405	0.9951846599578857	-0.03367432951927185	-0.25075045228004456	-0.00956097710877657	-0.968004584312439
0.21366256475448608	-0.09417472779750824	-0.3098345994949341	0.7387319207191467	0.5476948618888855	1.0	2	0.0	0	0.0	0	-0.963665246963501	0.0975501760840416	0.24866287410259247	0.09205155074596405	0.9951846599578857	-0.03367432951927185	-0.25075045228004456	-0.00956097710877657	-0.968004584312439
-0.2553042769432068	0.8400666117668152	-0.13827386498451233	0.8150141835212708	0.5476948618888855	1.0	2	0.0	0	0.0	0	-0.2823217809200287	-0.9565495252609253	0.07285179197788239	-0.8986921906471252	0.2902846038341522	0.3287661671638489	-0.3356288969516754	0.027346517890691757	-0.9415973424911499
-0.39441627264022827	0.8875778913497925	-0.05354641377925873	0.8259116411209106	0.5531436204910278	1.0	2	0.0	0	0.0	0	-0.2823217809200287	-0.9565495252609253	0.07285179197788239	-0.8986921906471252	0.2902846038341522	0.32876619696617126	-0.3356289267539978	0.027346525341272354	-0.9415973424911499
-0.40239447355270386	0.8875778913497925	-0.08446425199508667	0.8259116411209106	0.5476948618888855	1.0	2	0.0	0	0.0	0	-0.2823217809200287	-0.9565495252609253	0.07285179197788239	-0.89869225025177	0.29028457403182983	0.32876619696617126	-0.3356288969516754	0.027346525341272354	-0.9415972828865051
0.20682436227798462	-0.2507984936237335	-0.1470949947834015	0.7278344631195068	0.5531436204910278	1.0	2	0.0	0	0.0	0	-0.9269638061523438	0.28900572657585144	0.2391943633556366	0.2726169526576996	0.9569398164749146	-0.09973078221082687	-0.2577173411846161	-0.027238383889198303	-0.9658363461494446
0.21366256475448608	-0.09417472779750824	-0.3098345994949341	0.7387319207191467	0.5476948618888855	1.0	2	0.0	0	0.0	0	-0.9269638061523438	0.28900572657585144	0.2391943633556366	0.2726169526576996	0.9569397568702698	-0.09973077476024628	-0.2577173411846161	-0.027238380163908005	-0.9658362865447998
0.1690429449081421	-0.2507984936237335	-0.2935115098953247	0.7278344631195068	0.5476948618888855	1.0	2	0.0	0	0.0	0	-0.9269638061523438	0.28900572657585144	0.2391943633556366	0.2726169526576996	0.9569397568702698	-0.09973077476024628	-0.2577173411846161	-0.027238380163908005	-0.9658362865447998
0.2627844214439392	-0.09417472779750824	0.0058738067746162415	0.7387319207191467	0.5585923194885254	1.0	2	0.0	0	0.0	0	-0.993660569190979	0.0975492000579834	0.055882375687360764	0.09685134887695312	0.9951847791671753	-0.015069310553371906	-0.057083290070295334	-0.009561496786773205	-0.9983236193656921
0.2696226239204407	0.06870853900909424	-0.1568658947944641	0.7496293783187866	0.5531436204910278	1.0	2	0.0	0	0.0	0	-0.993660569190979	0.0975492000579834	0.055882375687360764	0.09685135632753372	0.9951848387718201	-0.015069311484694481	-0.05708329379558563	-0.009561496786773205	-0.9983236789703369
0.2537708282470703	-0.09417472779750824	-0.15439948439598083	0.7387319207191467	0.5531436204910278	1.0	2	0.0	0	0.0	0	-0.993660569190979	0.0975492000579834	0.055882375687360764	0.09685134142637253	0.9951847195625305	-0.015069309622049332	-0.05708329379558563	-0.00956149771809578	-0.9983236789703369
-0.23613768815994263	0.8400666117668152	-0.015090636909008026	0.8150141835212708	0.5585923194885254	1.0	2	0.0	0	0.0	0	-0.29110997915267944	-0.9565495848655701	0.016371658071875572	-0.9455633163452148	0.29028451442718506	0.1471223086118698	-0.14548221230506897	0.027348332107067108	-0.9889827966690063
-0.39441627264022827	0.8875778913497925	-0.05354641377925873	0.8259116411209106	0.5531436204910278	1.0	2	0.0	0	0.0	0	-0.29110997915267944	-0.9565495848655701	0.016371658071875572	-0.9455633163452148	0.29028451442718506	0.1471223086118698	-0.14548221230506897	0.027348332107067108	-0.9889827966690063
-0.23965460062026978	0.8400666117668152	-0.07762613147497177	0.8150141835212708	0.5531436204910278	1.0	2	0.0	0	0.0	0	-0.29110997915267944	-0.9565495848655701	0.016371658071875572	-0.9455632567405701	0.29028451442718506	0.14712229371070862	-0.14548221230506897	0.027348332107067108	-0.9889828562736511
0.215315043926239	-0.2507984936237335	0.003879055380821228	0.7278344631195068	0.5585923194885254	1.0	2	0.0	0	0.0	0	-0.9558175206184387	0.28900405764579773	0.053754549473524094	0.28683364391326904	0.9569402933120728	-0.04462897777557373	-0.06433785706758499	-0.027238549664616585	-0.9975564479827881
0.2537708282470703	-0.09417472779750824	-0.15439948439598083	0.7387319207191467	0.5531436204910278	1.0	2	0.0	0	0.0	0	-0.9558175206184387	0.28900405764579773	0.053754549473524094	0.28683364391326904	0.9569402933120728	-0.04462897777557373	-0.06433785706758499	-0.027238549664616585	-0.9975564479827881
0.20682436227798462	-0.2507984936237335	-0.1470949947834015	0.7278344631195068	0.5531436204910278	1.0	2	0.0	0	0.0	0	-0.9558175206184387	0.28900405764579773	0.053754549473524094	0.28683364391326904	0.9569402933120728	-0.04462898150086403	-0.06433785706758499	-0.027238553389906883	-0.9975564479827881
-0.09191974997520447	0.7629125118255615	-0.00903061032295227	0.8041166663169861	0.5585923194885254	1.0	2	0.0	0	0.0	0	-0.4724212884902954	-0.8809723258018494	0.026568200439214706	-0.8714361190795898	0.4713965654373169	0.1355888396501541	-0.13197417557239532	0.04090256616473198	-0.9904088973999023
-0.23965460062026978	0.8400666117668152	-0.07762613147497177	0.8150141835212708	0.5531436204910278	1.0	2	0.0	0	0.0	0	-0.4724212884902954	-0.8809723258018494	0.026568200439214706	-0.8714361190795898	0.4713965952396393	0.1355888396501541	-0.13197417557239532	0.04090256616473198	-0.9904088973999023
-0.09702548384666443	0.7629125118255615	-0.0998181402683258	0.8041166663169861	0.5531436204910278	1.0	2	0.0	0	0.0	0	-0.4724212884902954	-0.8809723258018494	0.026568200439214706	-0.8714361190795898	0.4713965654373169	0.1355888396501541	-0.13197417557239532	0.04090256616473198	-0.9904088973999023
0.13058751821517944	-0.3951437771320343	-0.1352330893278122	0.7169370055198669	0.5531436204910278	1.0	2	0.0	0	0.0	0	-0.8814713358879089	0.4696282744407654	0.049573373049497604	0.46579214930534363	0.8819213509559631	-0.0724739208817482	-0.07775561511516571	-0.0407927967607975	-0.9961375594139099
0.215315043926239	-0.2507984936237335	0.003879055380821228	0.7278344631195068	0.5585923194885254	1.0	2	0.0	0	0.0	0	-0.8814713358879089	0.4696282744407654	0.049573373049497604	0.465792179107666	0.8819214105606079	-0.0724739208817482	-0.07775562256574631	-0.0407927967607975	-0.9961376190185547
0.20682436227798462	-0.2507984936237335	-0.1470949947834015	0.7278344631195068	0.5531436204910278	1.0	2	0.0	0	0.0	0	-0.8814713358879089	0.4696282744407654	0.049573373049497604	0.46579214930534363	0.8819213509559631	-0.0724739208817482	-0.07775561511516571	-0.0407927967607975	-0.9961375594139099
0.0344884991645813	0.659080445766449	-0.003719151020050049	0.793219268321991	0.5585923194885254	1.0	2	0.0	0	0.0	0	-0.6352185606956482	-0.7715057730674744	0.0357244536280632	-0.7638198733329773	0.6343934535980225	0.11884484440088272	-0.11435283720493317	0.04820540174841881	-0.9922699928283691
-0.09702548384666443	0.7629125118255615	-0.0998181402683258	0.8041166663169861	0.5531436204910278	1.0	2	0.0	0	0.0	0	-0.6352185606956482	-0.7715057730674744	0.0357244536280632	-0.7638198733329773	0.6343934535980225	0.11884485185146332	-0.11435285210609436	0.048205409198999405	-0.9922699928283691
0.027989983558654785	0.659080445766449	-0.11926964670419693	0.793219268321991	0.5531436204910278	1.0	2	0.0	0	0.0	0	-0.6352185606956482	-0.7715057730674744	0.0357244536280632	-0.7638198733329773	0.6343934535980225	0.11884485185146332	-0.11435285210609436	0.048205409198999405	-0.9922699928283691
0.0344884991645813	-0.5216634273529053	-0.003719151020050049	0.706039547920227	0.5585923194885254	1.0	2	0.0	0	0.0	0	-0.7732872366905212	0.6325626969337463	0.04348939284682274	0.626850962638855	0.7730103731155396	-0.09753352403640747	-0.09531381726264954	-0.04816006124019623	-0.9942815899848938
0.13058751821517944	-0.3951437771320343	-0.1352330893278122	0.7169370055198669	0.5531436204910278	1.0	2	0.0	0	0.0	0	-0.7732872366905212	0.6325626969337463	0.04348939284682274	0.626850962638855	0.7730103731155396	-0.09753353148698807	-0.09531383216381073	-0.048160068690776825	-0.9942815899848938
0.027989983558654785	-0.5216634273529053	-0.11926964670419693	0.706039547920227	0.5531436204910278	1.0	2	0.0	0	0.0	0	-0.7732872366905212	0.6325626969337463	0.04348939284682274	0.626850962638855	0.7730103135108948	-0.09753353148698807	-0.09531381726264954	-0.048160068690776825	-0.9942815899848938
0.13822877407073975	0.5325608253479004	0.0006401166319847107	0.7823217511177063	0.5585923194885254	1.0	2	0.0	0	0.0	0	-0.7732872366905212	-0.6325626969337463	0.04348823055624962	-0.6268510818481445	0.7730103731155396	0.09753354638814926	-0.0953129380941391	0.04816080257296562	-0.9942816495895386
0.027989983558654785	0.659080445766449	-0.11926964670419693	0.793219268321991	0.5531436204910278	1.0	2	0.0	0	0.0	0	-0.7732872366905212	-0.6325626969337463	0.04348823055624962	-0.6268510818481445	0.77301025390625	0.09753352403640747	-0.09531291574239731	0.04816078394651413	-0.9942815899848938
0.13058751821517944	0.5325608253479004	-0.1352330893278122	0.7823217511177063	0.5531436204910278	1.0	2	0.0	0	0.0	0	-0.7732872366905212	-0.6325626969337463	0.04348823055624962	-0.6268510818481445	0.7730103135108948	0.09753353893756866	-0.0953129306435585	0.04816079139709473	-0.9942816495895386
-0.09702548384666443	-0.625495433807373	-0.0998181402683258	0.6951420903205872	0.5531436204910278	1.0	2	0.0	0	0.0	0	-0.6352183222770691	0.7715059518814087	0.03572443500161171	0.7638201713562012	0.6343932747840881	-0.1188449114561081	-0.11435289680957794	-0.0482054241001606	-0.9922699928283691
0.0344884991645813	-0.5216634273529053	-0.003719151020050049	0.706039547920227	0.5585923194885254	1.0	2	0.0	0	0.0	0	-0.6352183222770691	0.7715059518814087	0.03572443500161171	0.7638201713562012	0.6343932747840881	-0.1188449040055275	-0.11435289680957794	-0.04820541664958	-0.9922699928283691
0.027989983558654785	-0.5216634273529053	-0.11926964670419693	0.706039547920227	0.5531436204910278	1.0	2	0.0	0	0.0	0	-0.6352183222770691	0.7715059518814087	0.03572443500161171	0.7638200521469116	0.6343932747840881	-0.1188449040055275	-0.11435288935899734	-0.0482054241001606	-0.9922699332237244
0.215315043926239	0.388215571641922	0.003879055380821228	0.7714242935180664	0.5585923194885254	1.0	2	0.0	0	0.0	0	-0.8814712762832642	-0.46962839365005493	0.0495733767747879	-0.4657922685146332	0.8819213509559631	0.07247389107942581	-0.07775561511516571	0.040792759507894516	-0.9961375594139099
0.13058751821517944	0.5325608253479004	-0.1352330893278122	0.7823217511177063	0.5531436204910278	1.0	2	0.0	0	0.0	0	-0.8814712762832642	-0.46962839365005493	0.0495733767747879	-0.4657922685146332	0.8819213509559631	0.07247389853000641	-0.07775562256574631	0.04079276695847511	-0.9961375594139099
0.20682436227798462	0.388215571641922	-0.1470949947834015	0.7714243531227112	0.5531436204910278	1.0	2	0.0	0	0.0	0	-0.8814712762832642	-0.46962839365005493	0.0495733767747879	-0.4657922387123108	0.8819212913513184	0.07247388362884521	-0.07775562256574631	0.040792759507894516	-0.9961376190185547
-0.23965460062026978	-0.7026495933532715	-0.07762613147497177	0.6842446327209473	0.5531436204910278	1.0	2	0.0	0	0.0	0	-0.4724214971065521	0.880972146987915	0.02656817063689232	0.8714359998703003	0.4713967740535736	-0.13558882474899292	-0.13197414577007294	-0.040902622044086456	-0.9904088973999023
-0.09191974997520447	-0.625495433807373	-0.00903061032295227	0.6951420903205872	0.5585923194885254	1.0	2	0.0	0	0.0	0	-0.4724214971065521	0.880972146987915	0.02656817063689232	0.8714359998703003	0.4713967740535736	-0.1355888396501541	-0.13197416067123413	-0.04090262949466705	-0.9904088973999023
-0.09702548384666443	-0.625495433807373	-0.0998181402683258	0.6951420903205872	0.5531436204910278	1.0	2	0.0	0	0.0	0	-0.4724214971065521	0.880972146987915	0.02656817063689232	0.8714359998703003	0.4713967740535736	-0.13558882474899292	-0.13197414577007294	-0.040902622044086456	-0.9904088973999023
0.2537708282470703	0.23159179091453552	-0.15439948439598083	0.7605268359184265	0.5531436204910278	1.0	2	0.0	0	0.0	0	-0.9558175206184387	-0.28900399804115295	0.053754545748233795	-0.28683358430862427	0.9569402933120728	0.04462898150086403	-0.06433785706758499	0.02723855897784233	-0.9975564479827881
0.215315043926239	0.388215571641922	0.003879055380821228	0.7714242935180664	0.5585923194885254	1.0	2	0.0	0	0.0	0	-0.9558175206184387	-0.28900399804115295	0.053754545748233795	-0.28683358430862427	0.9569402933120728	0.04462898150086403	-0.06433785706758499	0.02723855897784233	-0.9975564479827881
0.20682436227798462	0.388215571641922	-0.1470949947834015	0.7714243531227112	0.5531436204910278	1.0	2	0.0	0	0.0	0	-0.9558175206184387	-0.28900399804115295	0.053754545748233795	-0.28683358430862427	0.9569402933120728	0.04462898150086403	-0.06433785706758499	0.02723855897784233	-0.9975564479827881
-0.39441627264022827	-0.7501608729362488	-0.05354641377925873	0.6733471751213074	0.5531436204910278	1.0	2	0.0	0	0.0	0	-0.29111000895500183	0.9565495848655701	0.01637163758277893	0.9455632567405701	0.29028457403182983	-0.1471223086118698	-0.14548221230506897	-0.027348358184099197	-0.9889828562736511
-0.23613768815994263	-0.7026495933532715	-0.015090636909008026	0.6842446327209473	0.5585923194885254	1.0	2	0.0	0	0.0	0	-0.29111000895500183	0.9565495848655701	0.01637163758277893	0.9455633163452148	0.29028457403182983	-0.147122323513031	-0.14548221230506897	-0.027348358184099197	-0.9889827966690063
-0.23965460062026978	-0.7026495933532715	-0.07762613147497177	0.6842446327209473	0.5531436204910278	1.0	2	0.0	0	0.0	0	-0.29111000895500183	0.9565495848655701	0.01637163758277893	0.9455633163452148	0.29028457403182983	-0.147122323513031	-0.14548221230506897	-0.027348358184099197	-0.9889827966690063
0.2696226239204407	0.06870853900909424	-0.1568658947944641	0.7496293783187866	0.5531436204910278	1.0	2	0.0	0	0.0	0	-0.993660569190979	-0.09754921495914459	0.055882375687360764	-0.09685137122869492	0.9951848387718201	0.015069286338984966	-0.057083290070295334	0.009561470709741116	-0.9983236789703369
0.2627844214439392	0.23159179091453552	0.0058738067746162415	0.7605268359184265	0.5585923194885254	1.0	2	0.0	0	0.0	0	-0.993660569190979	-0.09754921495914459	0.055882375687360764	-0.09685137122869492	0.9951848387718201	0.015069286338984966	-0.057083290070295334	0.009561470709741116	-0.9983236789703369
0.2537708282470703	0.23159179091453552	-0.15439948439598083	0.7605268359184265	0.5531436204910278	1.0	2	0.0	0	0.0	0	-0.993660569190979	-0.09754921495914459	0.055882375687360764	-0.09685135632753372	0.9951847195625305	0.015069283545017242	-0.057083290070295334	0.009561469778418541	-0.9983236789703369
-0.39441627264022827	0.8875778913497925	-0.05354641377925873	0.8259116411209106	0.5531436204910278	1.0	2	0.0	0	0.0	0	-0.09833209961652756	-0.9951382875442505	0.005530066322535276	-0.9935682415962219	0.0984874740242958	0.055877916514873505	-0.0561508946120739	9.452924132347107e-08	-0.9984223246574402
-0.3926233649253845	0.8875778913497925	-0.02166607603430748	0.8259116411209106	0.5585923194885254	1.0	2	0.0	0	0.0	0	-0.09833209961652756	-0.9951382875442505	0.005530066322535276	-0.9935682415962219	0.0984874740242958	0.055877912789583206	-0.0561508908867836	9.452924132347107e-08	-0.9984223246574402
-0.5553629994392395	0.9036206007003784	-0.02850424498319626	0.8368090987205505	0.5558679699897766	1.0	2	0.0	0	0.0	0	-0.09833209961652756	-0.9951382875442505	0.005530066322535276	-0.9935683012008667	0.0984874814748764	0.055877916514873505	-0.0561508871614933	9.406356582530861e-08	-0.9984222650527954
-0.5553629994392395	-0.7662035226821899	-0.02850424498319626	0.6624497175216675	0.5558679699897766	1.0	2	0.0	0	0.0	0	-0.0983317568898201	0.99513840675354	0.005530046299099922	0.9935683608055115	0.09848713129758835	-0.0558779202401638	-0.0561508946120739	-9.499491682163352e-08	-0.9984223246574402
-0.3926233649253845	-0.7501608729362488	-0.02166607603430748	0.6733471751213074	0.5585923194885254	1.0	2	0.0	0	0.0	0	-0.0983317568898201	0.99513840675354	0.005530046299099922	0.9935683608055115	0.09848713129758835	-0.055877916514873505	-0.0561508908867836	-9.452925553432578e-08	-0.9984223246574402
-0.39441627264022827	-0.7501608729362488	-0.05354641377925873	0.6733471751213074	0.5531436204910278	1.0	2	0.0	0	0.0	0	-0.0983317568898201	0.99513840675354	0.005530046299099922	0.9935683608055115	0.09848713129758835	-0.0558779202401638	-0.0561508946120739	-9.499491682163352e-08	-0.9984223246574402
-0.09191974997520447	-0.625495433807373	-0.00903061032295227	0.6951420903205872	0.5585923194885254	1.0	2	0.0	0	0.0	0	-0.6299819350242615	0.7715061902999878	-0.08888710290193558	0.7723292708396912	0.6343929171562195	0.03245196118950844	0.081426240503788	-0.04820597171783447	-0.9955129623413086
0.018319308757781982	-0.5216634273529053	0.11087900400161743	0.706039547920227	0.5640410780906677	1.0	2	0.0	0	0.0	0	-0.6299819350242615	0.7715061902999878	-0.08888710290193558	0.7723292708396912	0.6343929171562195	0.03245196118950844	0.081426240503788	-0.04820597171783447	-0.9955129623413086
0.0344884991645813	-0.5216634273529053	-0.003719151020050049	0.706039547920227	0.5585923194885254	1.0	2	0.0	0	0.0	0	-0.6299819350242615	0.7715061902999878	-0.08888710290193558	0.7723293900489807	0.6343929171562195	0.03245196118950844	0.081426240503788	-0.04820597171783447	-0.9955129623413086
0.1941889524459839	0.388215571641922	0.15360862016677856	0.7714243531227112	0.5640410780906677	1.0	2	0.0	0	0.0	0	-0.8742050528526306	-0.4696289896965027	-0.12334595620632172	-0.4709818363189697	0.8819209337234497	-0.019789226353168488	0.11807496100664139	0.04079385846853256	-0.9921663999557495
0.13822877407073975	0.5325608253479004	0.0006401166319847107	0.7823217511177063	0.5585923194885254	1.0	2	0.0	0	0.0	0	-0.8742050528526306	-0.4696289896965027	-0.12334595620632172	-0.4709818363189697	0.8819209337234497	-0.019789228215813637	0.11807496100664139	0.040793854743242264	-0.9921663999557495
0.215315043926239	0.388215571641922	0.003879055380821228	0.7714242935180664	0.5585923194885254	1.0	2	0.0	0	0.0	0	-0.8742050528526306	-0.4696289896965027	-0.12334595620632172	-0.4709818661212921	0.8819209933280945	-0.019789230078458786	0.11807496845722198	0.04079385846853256	-0.9921663999557495
-0.24488839507102966	-0.7026495933532715	0.04692934453487396	0.6842446327209473	0.5640410780906677	1.0	2	0.0	0	0.0	0	-0.4685274362564087	0.880972146987915	-0.06610690802335739	0.8811436295509338	0.47139695286750793	0.03702560067176819	0.06378111988306046	-0.04090217500925064	-0.9971253871917725
-0.09191974997520447	-0.625495433807373	-0.00903061032295227	0.6951420903205872	0.5585923194885254	1.0	2	0.0	0	0.0	0	-0.4685274362564087	0.880972146987915	-0.06610690802335739	0.8811436295509338	0.47139695286750793	0.03702560067176819	0.06378111988306046	-0.04090217500925064	-0.9971253871917725
-0.23613768815994263	-0.7026495933532715	-0.015090636909008026	0.6842446327209473	0.5585923194885254	1.0	2	0.0	0	0.0	0	-0.4685274362564087	0.880972146987915	-0.06610690802335739	0.8811436295509338	0.47139695286750793	0.03702560439705849	0.06378111988306046	-0.04090217128396034	-0.9971253871917725
0.2627844214439392	0.23159179091453552	0.0058738067746162415	0.7605268359184265	0.5585923194885254	1.0	2	0.0	0	0.0	0	-0.9479387998580933	-0.28900375962257385	-0.13374941051006317	-0.29002851247787476	0.9569404125213623	-0.012187532149255276	0.13151246309280396	0.027238108217716217	-0.990940272808075
0.1941889524459839	0.388215571641922	0.15360862016677856	0.7714243531227112	0.5640410780906677	1.0	2	0.0	0	0.0	0	-0.9479387998580933	-0.28900375962257385	-0.13374941051006317	-0.29002851247787476	0.9569404125213623	-0.01218753308057785	0.13151246309280396	0.027238108217716217	-0.990940272808075
0.215315043926239	0.388215571641922	0.003879055380821228	0.7714242935180664	0.5585923194885254	1.0	2	0.0	0	0.0	0	-0.9479387998580933	-0.28900375962257385	-0.13374941051006317	-0.29002851247787476	0.9569404125213623	-0.01218753308057785	0.13151246309280396	0.027238108217716217	-0.990940272808075
-0.3926233649253845	-0.7501608729362488	-0.02166607603430748	0.6733471751213074	0.5585923194885254	1.0	2	0.0	0	0.0	0	-0.2887103855609894	0.9565495252609253	-0.040735576301813126	0.9560967087745667	0.2902846038341522	0.04017464444041252	0.050253938883543015	-0.027348309755325317	-0.9983619451522827
-0.24488839507102966	-0.7026495933532715	0.04692934453487396	0.6842446327209473	0.5640410780906677	1.0	2	0.0	0	0.0	0	-0.2887103855609894	0.9565495252609253	-0.040735576301813126	0.9560967087745667	0.2902846038341522	0.04017464071512222	0.050253935158252716	-0.027348309755325317	-0.9983619451522827
-0.23613768815994263	-0.7026495933532715	-0.015090636909008026	0.6842446327209473	0.5585923194885254	1.0	2	0.0	0	0.0	0	-0.2887103855609894	0.9565495252609253	-0.040735576301813126	0.9560967087745667	0.2902846038341522	0.04017464071512222	0.050253935158252716	-0.027348309755325317	-0.9983619451522827
0.2788130044937134	0.06870853900909424	0.006547406315803528	0.7496293783187866	0.5585923194885254	1.0	2	0.0	0	0.0	0	-0.9854696393013	-0.09755050390958786	-0.13904474675655365	-0.09793149679899216	0.9951846599578857	-0.0041155628859996796	0.13877667486667633	0.009561097249388695	-0.9902775287628174
0.24035710096359253	0.23159179091453552	0.16482584178447723	0.7605268359184265	0.5640410780906677	1.0	2	0.0	0	0.0	0	-0.9854696393013	-0.09755050390958786	-0.13904474675655365	-0.09793149679899216	0.9951846599578857	-0.004115561954677105	0.13877667486667633	0.009561099112033844	-0.9902775287628174
0.2627844214439392	0.23159179091453552	0.0058738067746162415	0.7605268359184265	0.5585923194885254	1.0	2	0.0	0	0.0	0	-0.9854696393013	-0.09755050390958786	-0.13904474675655365	-0.09793150424957275	0.9951847195625305	-0.004115562420338392	0.13877668976783752	0.00956109818071127	-0.9902775883674622
-0.3926233649253845	0.8875778913497925	-0.02166607603430748	0.8259116411209106	0.5585923194885254	1.0	2	0.0	0	0.0	0	-0.09752155840396881	-0.9951382875442505	-0.013759900815784931	-0.9853785634040833	0.09848751872777939	-0.13903038203716278	0.13970962166786194	2.523884461425041e-07	-0.9901925921440125
-0.39708447456359863	0.8875778913497925	0.009951472282409668	0.8259116411209106	0.5640410780906677	1.0	2	0.0	0	0.0	0	-0.09752155840396881	-0.9951382875442505	-0.013759900815784931	-0.9853784441947937	0.0984874963760376	-0.1390303671360016	0.13970960676670074	2.5145706672446977e-07	-0.9901924729347229
-0.5553629994392395	0.9036206007003784	-0.02850424498319626	0.8368090987205505	0.5613166689872742	1.0	2	0.0	0	0.0	0	-0.09752155840396881	-0.9951382875442505	-0.013759900815784931	-0.9853785037994385	0.09848751127719879	-0.13903038203716278	0.13970962166786194	2.514570951461792e-07	-0.9901925325393677
-0.5553629994392395	-0.7662035226821899	-0.02850424498319626	0.6624497175216675	0.561316728591919	1.0	2	0.0	0	0.0	0	-0.09752120077610016	0.99513840675354	-0.013759852387011051	0.9853782653808594	0.09848713874816895	0.1390325129032135	0.13971175253391266	-4.190951941041021e-08	-0.9901922345161438
-0.39708447456359863	-0.7501608729362488	0.009951472282409668	0.6733471751213074	0.5640410780906677	1.0	2	0.0	0	0.0	0	-0.09752120077610016	0.99513840675354	-0.013759852387011051	0.9853782653808594	0.09848713129758835	0.1390325278043747	0.13971176743507385	-4.0978193283081055e-08	-0.9901922345161438
-0.3926233649253845	-0.7501608729362488	-0.02166607603430748	0.6733471751213074	0.5585923194885254	1.0	2	0.0	0	0.0	0	-0.09752120077610016	0.99513840675354	-0.013759852387011051	0.9853782057762146	0.09848712384700775	0.1390325129032135	0.13971175253391266	-4.1909512304982854e-08	-0.990192174911499
0.24035710096359253	-0.09417472779750824	0.16482584178447723	0.7387319207191467	0.5640410780906677	1.0	2	0.0	0	0.0	0	-0.9854696393013	0.09755048900842667	-0.13904473185539246	0.09793149679899216	0.9951847195625305	0.004115498624742031	0.13877665996551514	-0.00956115871667862	-0.9902775883674622
0.2788130044937134	0.06870853900909424	0.006547406315803528	0.7496293783187866	0.5585923194885254	1.0	2	0.0	0	0.0	0	-0.9854696393013	0.09755048900842667	-0.13904473185539246	0.09793149679899216	0.9951847195625305	0.004115498624742031	0.13877665996551514	-0.00956115871667862	-0.9902775883674622
0.2627844214439392	-0.09417472779750824	0.0058738067746162415	0.7387319207191467	0.5585923194885254	1.0	2	0.0	0	0.0	0	-0.9854696393013	0.09755048900842667	-0.13904473185539246	0.09793149679899216	0.9951847195625305	0.004115499556064606	0.13877665996551514	-0.009561157785356045	-0.9902775883674622
-0.24488839507102966	0.8400666117668152	0.04692934453487396	0.8150141835212708	0.5640410780906677	1.0	2	0.0	0	0.0	0	-0.2887103855609894	-0.9565495848655701	-0.040735580027103424	-0.9560967087745667	0.29028457403182983	-0.04017467051744461	0.0502539686858654	0.02734830603003502	-0.9983620047569275
-0.3926233649253845	0.8875778913497925	-0.02166607603430748	0.8259116411209106	0.5585923194885254	1.0	2	0.0	0	0.0	0	-0.2887103855609894	-0.9565495848655701	-0.040735580027103424	-0.9560967683792114	0.29028457403182983	-0.04017467424273491	0.0502539686858654	0.02734830230474472	-0.9983619451522827
-0.23613768815994263	0.8400666117668152	-0.015090636909008026	0.8150141835212708	0.5585923194885254	1.0	2	0.0	0	0.0	0	-0.2887103855609894	-0.9565495848655701	-0.040735580027103424	-0.9560967087745667	0.29028457403182983	-0.04017467051744461	0.0502539686858654	0.02734830603003502	-0.9983620047569275
0.1941889524459839	-0.2507984936237335	0.15360862016677856	0.7278344631195068	0.5640410780906677	1.0	2	0.0	0	0.0	0	-0.9479387998580933	0.28900378942489624	-0.13374939560890198	0.29002857208251953	0.9569404721260071	0.012187500484287739	0.13151243329048157	-0.027238139882683754	-0.9909402132034302
0.2627844214439392	-0.09417472779750824	0.0058738067746162415	0.7387319207191467	0.5585923194885254	1.0	2	0.0	0	0.0	0	-0.9479387998580933	0.28900378942489624	-0.13374939560890198	0.29002857208251953	0.9569404125213623	0.012187500484287739	0.13151241838932037	-0.027238138020038605	-0.9909402132034302
0.215315043926239	-0.2507984936237335	0.003879055380821228	0.7278344631195068	0.5585923194885254	1.0	2	0.0	0	0.0	0	-0.9479387998580933	0.28900378942489624	-0.13374939560890198	0.29002857208251953	0.9569404125213623	0.012187499552965164	0.13151241838932037	-0.027238138020038605	-0.9909402132034302
-0.09191974997520447	0.7629125118255615	-0.00903061032295227	0.8041166663169861	0.5585923194885254	1.0	2	0.0	0	0.0	0	-0.4685271382331848	-0.8809723258018494	-0.06610681861639023	-0.8811437487602234	0.47139662504196167	-0.03702558949589729	0.06378106027841568	0.040902119129896164	-0.9971254467964172
-0.24488839507102966	0.8400666117668152	0.04692934453487396	0.8150141835212708	0.5640410780906677	1.0	2	0.0	0	0.0	0	-0.4685271382331848	-0.8809723258018494	-0.06610681861639023	-0.8811437487602234	0.47139665484428406	-0.03702559322118759	0.06378105282783508	0.040902115404605865	-0.9971253871917725
-0.23613768815994263	0.8400666117668152	-0.015090636909008026	0.8150141835212708	0.5585923194885254	1.0	2	0.0	0	0.0	0	-0.4685271382331848	-0.8809723258018494	-0.06610681861639023	-0.8811437487602234	0.47139662504196167	-0.03702558949589729	0.06378106027841568	0.040902119129896164	-0.9971254467964172
0.13822877407073975	-0.3951437771320343	0.0006401166319847107	0.7169370055198669	0.5585923194885254	1.0	2	0.0	0	0.0	0	-0.8742050528526306	0.4696289002895355	-0.12334595620632172	0.47098177671432495	0.8819209933280945	0.01978927105665207	0.11807500571012497	-0.04079381376504898	-0.9921664595603943
0.1941889524459839	-0.2507984936237335	0.15360862016677856	0.7278344631195068	0.5640410780906677	1.0	2	0.0	0	0.0	0	-0.8742050528526306	0.4696289002895355	-0.12334595620632172	0.47098177671432495	0.8819209933280945	0.01978927105665207	0.11807500571012497	-0.04079381376504898	-0.9921663999557495
