1380	486	8
0.5000000596046448	3.3969404697418213	-1.1218562126159668	0.725947916507721	0.6597676873207092	1.0	0	0.0	0	0.0	0	0.9537514448165894	-0.278204083442688	0.11384569108486176	-0.2777601182460785	-0.6708456873893738	0.6876157522201538	-0.11492462456226349	-0.6874362826347351	-0.7170940637588501
0.6357216238975525	3.8632211685180664	-1.1194268465042114	0.7069531679153442	0.6035524606704712	1.0	0	0.0	0	0.0	0	0.9537514448165894	-0.278204083442688	0.11384569108486176	-0.2777601182460785	-0.6708456873893738	0.6876157522201538	-0.1149246022105217	-0.6874362230300903	-0.7170939445495605
0.6095678806304932	3.843557834625244	-0.9483729600906372	0.7236448526382446	0.5858933925628662	1.0	0	0.0	0	0.0	0	0.9537514448165894	-0.278204083442688	0.11384569108486176	-0.2777601182460785	-0.6708456873893738	0.6876157522201538	-0.11492462456226349	-0.6874362826347351	-0.7170940637588501
0.5000000596046448	3.3969404697418213	-1.1218562126159668	0.725947916507721	0.6597676873207092	1.0	0	0.0	0	0.0	0	0.9560925960540771	0.15501199662685394	0.24871309101581573	-0.208550363779068	-0.23636843264102936	0.9490188360214233	0.2058972269296646	-0.9592190980911255	-0.19366228580474854
0.6357216238975525	2.97977352142334	-1.383589506149292	0.7042763233184814	0.7127437591552734	1.0	0	0.0	0	0.0	0	0.9560925960540771	0.15501199662685394	0.24871309101581573	-0.2085503786802292	-0.23636844754219055	0.9490188956260681	0.2058972418308258	-0.9592191576957703	-0.19366231560707092
0.5334655046463013	3.4464073181152344	-1.2813332080841064	0.7111809849739075	0.658697247505188	1.0	0	0.0	0	0.0	0	0.9560925960540771	0.15501199662685394	0.24871309101581573	-0.2085503488779068	-0.23636841773986816	0.9490187764167786	0.20589721202850342	-0.9592190384864807	-0.19366227090358734
0.6357216238975525	3.8632211685180664	-1.1194268465042114	0.7069531679153442	0.6035524606704712	1.0	0	0.0	0	0.0	0	0.9834604263305664	-0.17374539375305176	-0.05116739496588707	-0.10268141329288483	-0.7675458192825317	0.6327162981033325	-0.14920486509799957	-0.6169975399971008	-0.7726913690567017
0.5523725152015686	3.4913744926452637	-1.4587814807891846	0.6978588104248047	0.6589917540550232	1.0	0	0.0	0	0.0	0	0.9834604263305664	-0.17374539375305176	-0.05116739496588707	-0.10268141329288483	-0.7675458192825317	0.6327162981033325	-0.14920486509799957	-0.6169975399971008	-0.7726913690567017
0.6382689476013184	3.946831703186035	-1.3543763160705566	0.6876093149185181	0.6178033351898193	1.0	0	0.0	0	0.0	0	0.9834604263305664	-0.17374539375305176	-0.05116739496588707	-0.10268141329288483	-0.7675458192825317	0.6327163577079773	-0.14920487999916077	-0.6169975996017456	-0.7726913690567017
0.5334655046463013	3.4464073181152344	-1.2813332080841064	0.7111809849739075	0.658697247505188	1.0	0	0.0	0	0.0	0	0.9722108244895935	0.1803320348262787	0.14928646385669708	-0.0991041511297226	-0.26070013642311096	0.9603195786476135	0.21209540963172913	-0.9484280943870544	-0.23558387160301208
0.6382689476013184	3.099396228790283	-1.5446780920028687	0.6930254101753235	0.6971520185470581	1.0	0	0.0	0	0.0	0	0.9722108244895935	0.1803320348262787	0.14928646385669708	-0.09910415858030319	-0.26070013642311096	0.9603196382522583	0.21209542453289032	-0.9484281539916992	-0.23558387160301208
0.5523725152015686	3.4913744926452637	-1.4587814807891846	0.6978588104248047	0.6589917540550232	1.0	0	0.0	0	0.0	0	0.9722108244895935	0.1803320348262787	0.14928646385669708	-0.0991041511297226	-0.26070016622543335	0.9603196382522583	0.21209539473056793	-0.9484280347824097	-0.23558387160301208
0.0	3.5065083503723145	-1.23142409324646	0.5763123631477356	0.6032909750938416	1.0	6	0.0	0	0.0	0	-1.0	0.0	0.0	0.0	-0.37250494956970215	-0.9280301928520203	0.0	-0.9280301928520203	0.37250494956970215
0.0	2.1540603637695312	-1.9225709438323975	0.6154051423072815	0.7766590118408203	1.0	0	0.0	0	0.0	0	-1.0	0.0	0.0	0.0	-0.37250494956970215	-0.928030252456665	0.0	-0.928030252456665	0.37250494956970215
0.0	2.01218581199646	-1.808944821357727	0.6062671542167664	0.8068941831588745	1.0	0	0.0	0	0.0	0	-1.0	0.0	0.0	0.0	-0.37250494956970215	-0.9280301928520203	0.0	-0.9280301928520203	0.37250494956970215
0.0	2.01218581199646	-1.808944821357727	0.6062671542167664	0.8068941831588745	1.0	0	0.0	0	0.0	0	0.4037458896636963	-0.5609661340713501	-0.7227076292037964	0.9148712158203125	0.24734053015708923	0.3191135823726654	-0.0002570301294326782	-0.7900251150131226	0.6130744218826294
0.500594973564148	1.7435370683670044	-1.3207584619522095	0.6777260899543762	0.8984547853469849	1.0	7	0.0	0	0.0	0	0.4037458896636963	-0.5609661340713501	-0.7227076292037964	0.9148711562156677	0.24734050035476685	0.3191135823726654	-0.00025704503059387207	-0.7900251746177673	0.6130744218826294
0.0	1.5395441055297852	-1.442080020904541	0.6062891483306885	0.9140147566795349	1.0	7	0.0	0	0.0	0	0.4037458896636963	-0.5609661340713501	-0.7227076292037964	0.9148711562156677	0.24734053015708923	0.319113552570343	-0.0002570152282714844	-0.7900251746177673	0.6130744218826294
0.6095678806304932	2.8969404697418213	-1.2314242124557495	0.7187331914901733	0.7294859290122986	1.0	0	0.0	0	0.0	0	0.9923985004425049	-0.08702121675014496	-0.08702120184898376	0.09912988543510437	0.1462133526802063	0.9842737913131714	-0.07292903959751129	-0.9854181408882141	0.15372829139232635
0.6095678806304932	2.287372589111328	-0.6218562722206116	0.7973634004592896	0.833244264125824	1.0	0	0.0	0	0.0	0	0.9923985004425049	-0.08702121675014496	-0.08702120184898376	0.09912989288568497	0.1462133675813675	0.9842738509178162	-0.07292903959751129	-0.9854182004928589	0.15372830629348755
0.500594973564148	1.7435370683670044	-1.3207584619522095	0.6777260899543762	0.8984547853469849	1.0	7	0.0	0	0.0	0	0.9923985004425049	-0.08702121675014496	-0.08702120184898376	0.09912990033626556	0.1462133824825287	0.9842738509178162	-0.07292903959751129	-0.9854182004928589	0.15372832119464874
0.5000000596046448	3.3969404697418213	-1.1218562126159668	0.725947916507721	0.6597676873207092	1.0	0	0.0	0	0.0	0	0.9004359245300293	0.27174893021583557	-0.339658260345459	0.39559999108314514	-0.18690134584903717	0.8992043733596802	0.1808752417564392	-0.9440447092056274	-0.2757965624332428
0.8395062685012817	2.8969404697418213	-0.6218562722206116	0.7904515266418457	0.7125889658927917	1.0	0	0.0	0	0.0	0	0.9004359245300293	0.27174893021583557	-0.339658260345459	0.39559999108314514	-0.18690136075019836	0.8992043733596802	0.1808752417564392	-0.9440447092056274	-0.2757965922355652
0.6095678806304932	2.8969404697418213	-1.2314242124557495	0.7187331914901733	0.7294859290122986	1.0	0	0.0	0	0.0	0	0.9004359245300293	0.27174893021583557	-0.339658260345459	0.39559999108314514	-0.18690131604671478	0.8992043733596802	0.1808752417564392	-0.9440447092056274	-0.2757965326309204
0.8395062685012817	2.8969404697418213	-0.6218562722206116	0.7904515266418457	0.7125889658927917	1.0	0	0.0	0	0.0	0	0.9541215300559998	0.008703764528036118	0.29929327964782715	-0.2944391667842865	-0.15428699553012848	0.9431337118148804	0.054385870695114136	-0.987987756729126	-0.1446457952260971
0.5334035158157349	3.283828020095825	0.342722088098526	0.908362090587616	0.6107444763183594	1.0	0	0.0	0	0.0	0	0.9541215300559998	0.008703764528036118	0.29929327964782715	-0.2944391369819641	-0.15428702533245087	0.9431337118148804	0.05438587814569473	-0.987987756729126	-0.1446458250284195
0.5481090545654297	2.8875372409820557	0.30736663937568665	0.9037078619003296	0.6859241724014282	1.0	0	0.0	0	0.0	0	0.9541215300559998	0.008703764528036118	0.29929327964782715	-0.2944391667842865	-0.15428701043128967	0.9431337118148804	0.054385870695114136	-0.987987756729126	-0.1446458101272583
0.8395062685012817	2.8969404697418213	-0.6218562722206116	0.7904515266418457	0.7125889658927917	1.0	0	0.0	0	0.0	0	0.9004359245300293	-0.339658260345459	0.2717488408088684	-0.34485214948654175	-0.17663425207138062	0.9218879342079163	-0.26512670516967773	-0.9238141775131226	-0.276179701089859
0.5000000596046448	2.3969404697418213	-0.1218561977148056	0.870581328868866	0.7925945520401001	1.0	0	0.0	0	0.0	0	0.9004359245300293	-0.339658260345459	0.2717488408088684	-0.34485214948654175	-0.17663425207138062	0.9218879342079163	-0.26512670516967773	-0.9238141775131226	-0.276179701089859
0.6095678806304932	2.287372589111328	-0.6218562722206116	0.7973634004592896	0.833244264125824	1.0	0	0.0	0	0.0	0	0.9004359245300293	-0.339658260345459	0.2717488408088684	-0.34485217928886414	-0.1766342669725418	0.921887993812561	-0.26512670516967773	-0.9238142371177673	-0.2761797308921814
0.5000000596046448	2.3969404697418213	-0.1218561977148056	0.870581328868866	0.7925945520401001	1.0	0	0.0	0	0.0	0	0.29026687145233154	-0.5236195921897888	0.8009793162345886	-0.8576850891113281	0.2288653552532196	0.4604313373565674	-0.4244072437286377	-0.8206359148025513	-0.3826686441898346
0.0	2.8969404697418213	0.3862009346485138	0.9803608655929565	0.7054623365402222	1.0	0	0.0	0	0.0	0	0.29026687145233154	-0.5236195921897888	0.8009793162345886	-0.8576850891113281	0.228865385055542	0.4604313373565674	-0.4244072437286377	-0.8206359148025513	-0.3826686441898346
0.0	2.287372589111328	-0.012288374826312065	0.9343810081481934	0.8503503799438477	1.0	0	0.0	0	0.0	0	0.29026687145233154	-0.5236195921897888	0.8009793162345886	-0.8576850295066833	0.2288653552532196	0.460431307554245	-0.4244072139263153	-0.8206357955932617	-0.3826686143875122
0.5334035158157349	3.283828020095825	0.342722088098526	0.908362090587616	0.6107444763183594	1.0	0	0.0	0	0.0	0	0.14048363268375397	-0.08280862867832184	0.986613929271698	-0.9681388139724731	0.19714924693107605	0.15440011024475098	-0.20729587972164154	-0.9768700003623962	-0.0524740070104599
0.0	2.8969404697418213	0.3862009346485138	0.9803608655929565	0.7054623365402222	1.0	0	0.0	0	0.0	0	0.14048363268375397	-0.08280862867832184	0.986613929271698	-0.9681388735771179	0.19714926183223724	0.15440012514591217	-0.20729586482048035	-0.9768699407577515	-0.0524740070104599
0.5481090545654297	2.8875372409820557	0.30736663937568665	0.9037078619003296	0.6859241724014282	1.0	0	0.0	0	0.0	0	0.14048363268375397	-0.08280862867832184	0.986613929271698	-0.9681388735771179	0.19714926183223724	0.15440012514591217	-0.20729586482048035	-0.9768699407577515	-0.0524740107357502
0.6095678806304932	2.8969404697418213	-1.2314242124557495	0.7187331914901733	0.7294859290122986	1.0	0	0.0	0	0.0	0	0.8284965753555298	-0.5392155647277832	-0.15112893283367157	0.39931926131248474	0.3796554207801819	0.8345094323158264	-0.3926035463809967	-0.7517368793487549	0.5298624038696289
0.0	2.1540603637695312	-1.9225709438323975	0.6154051423072815	0.7766590118408203	1.0	0	0.0	0	0.0	0	0.8284965753555298	-0.5392155647277832	-0.15112893283367157	0.39931929111480713	0.3796554505825043	0.8345094323158264	-0.3926035463809967	-0.7517369389533997	0.5298624038696289
0.6357216238975525	2.97977352142334	-1.383589506149292	0.7042763233184814	0.7127437591552734	1.0	0	0.0	0	0.0	0	0.8284965753555298	-0.5392155647277832	-0.15112893283367157	0.39931923151016235	0.3796553909778595	0.8345093727111816	-0.3926035761833191	-0.7517369389533997	0.5298624038696289
0.0	1.5395441055297852	-1.442080020904541	0.6062891483306885	0.9140147566795349	1.0	7	0.0	0	0.0	0	0.251115083694458	-0.9042977690696716	0.3452344834804535	0.8498784303665161	0.3766941428184509	0.3685216009616852	-0.46330106258392334	0.20086601376533508	0.8631367683410645
0.41375282406806946	1.7742838859558105	-1.1281626224517822	0.6788488030433655	0.936647355556488	1.0	7	0.0	0	0.0	0	0.251115083694458	-0.9042977690696716	0.3452344834804535	0.8498784303665161	0.3766941428184509	0.36852163076400757	-0.46330106258392334	0.2008659839630127	0.8631366491317749
0.00769322644919157	1.6739245653152466	-1.0956833362579346	0.630418598651886	0.9717392325401306	1.0	6	0.0	0	0.0	0	0.251115083694458	-0.9042977690696716	0.3452344834804535	0.8498784303665161	0.3766941428184509	0.3685216009616852	-0.46330106258392334	0.20086601376533508	0.8631367683410645
0.0	2.05743408203125	-0.6218562722206116	0.8587952852249146	0.9533008337020874	1.0	0	0.0	0	0.0	0	0.27174893021583557	-0.9004358053207397	0.3396584093570709	-0.7418487071990967	0.028826776891946793	0.6699473857879639	-0.6130359172821045	-0.434032678604126	-0.6601535677909851
0.5000000596046448	2.3969404697418213	-0.1218561977148056	0.870581328868866	0.7925945520401001	1.0	0	0.0	0	0.0	0	0.27174893021583557	-0.9004358053207397	0.3396584093570709	-0.7418487071990967	0.028826802968978882	0.6699473857879639	-0.6130359172821045	-0.434032678604126	-0.6601535677909851
0.0	2.287372589111328	-0.012288374826312065	0.9343810081481934	0.8503503799438477	1.0	0	0.0	0	0.0	0	0.27174893021583557	-0.9004358053207397	0.3396584093570709	-0.7418487071990967	0.028826802968978882	0.6699473857879639	-0.6130359172821045	-0.434032678604126	-0.6601535677909851
0.0	3.5065083503723145	-1.23142409324646	0.5763123631477356	0.6032909750938416	1.0	6	0.0	0	0.0	0	-1.0	0.0	0.0	0.0	0.8715824484825134	-0.49024897813796997	0.0	-0.49024897813796997	-0.8715824484825134
0.0	4.136794567108154	-1.148916482925415	0.6457068920135498	0.5541137456893921	1.0	2	0.0	0	0.0	0	-1.0	0.0	0.0	0.0	0.9542285799980164	-0.2990783154964447	0.0	-0.2990783154964447	-0.9542285799980164
0.0	3.54866361618042	-1.3835893869400024	0.594292163848877	0.616496741771698	1.0	6	0.0	0	0.0	0	-1.0	0.0	0.0	0.0	0.8452523946762085	-0.5343671441078186	0.0	-0.5343671441078186	-0.8452523946762085
0.6095678806304932	3.843557834625244	-0.9483729600906372	0.7236448526382446	0.5858933925628662	1.0	0	0.0	0	0.0	0	0.4333600401878357	0.9012207388877869	0.0005417953943833709	0.7885460257530212	-0.3794703185558319	0.48393934965133667	0.436341792345047	-0.20929273962974548	-0.8751013278961182
0.0	4.136794567108154	-1.148916482925415	0.6457068920135498	0.5541137456893921	1.0	2	0.0	0	0.0	0	0.4333600401878357	0.9012207388877869	0.0005417953943833709	0.788546085357666	-0.3794703781604767	0.48393940925598145	0.4363418519496918	-0.20929276943206787	-0.8751013875007629
0.0	4.136693000793457	-0.9799714088439941	0.6476208567619324	0.523178219795227	1.0	2	0.0	0	0.0	0	0.4333600401878357	0.9012207388877869	0.0005417953943833709	0.788546085357666	-0.3794703781604767	0.48393937945365906	0.4363418221473694	-0.20929275453090668	-0.8751013875007629
0.0	4.136693000793457	-0.9799714088439941	0.6476208567619324	0.523178219795227	1.0	2	0.0	0	0.0	0	0.42798179388046265	0.8600324988365173	-0.2778048813343048	0.7561215162277222	-0.17234162986278534	0.6313309669494629	0.4950878322124481	-0.48025238513946533	-0.7240481376647949
0.5438035130500793	3.9582574367523193	-0.6945997476577759	0.7433587908744812	0.5453392863273621	1.0	2	0.0	0	0.0	0	0.42798179388046265	0.8600324988365173	-0.2778048813343048	0.7561213970184326	-0.17234164476394653	0.6313309073448181	0.49508780241012573	-0.48025238513946533	-0.7240481972694397
0.6095678806304932	3.843557834625244	-0.9483729600906372	0.7236448526382446	0.5858933925628662	1.0	0	0.0	0	0.0	0	0.42798179388046265	0.8600324988365173	-0.2778048813343048	0.7561214566230774	-0.17234162986278534	0.6313309669494629	0.4950878322124481	-0.48025238513946533	-0.7240481376647949
0.5523725152015686	3.4913744926452637	-1.4587814807891846	0.6978588104248047	0.6589917540550232	1.0	0	0.0	0	0.0	0	0.9433947801589966	0.1409386396408081	0.30023786425590515	-0.2604994475841522	-0.24545349180698395	0.9337520003318787	0.20529615879058838	-0.9591084718704224	-0.1948450803756714
0.7050012350082397	3.2993345260620117	-1.8482170104980469	0.6768253445625305	0.6763089895248413	0.5	1	0.5	0	0.0	0	0.9433947801589966	0.1409386396408081	0.30023786425590515	-0.26049941778182983	-0.24545347690582275	0.9337519407272339	0.20529617369174957	-0.9591084718704224	-0.19484509527683258
0.6332051753997803	3.626967430114746	-1.7764209508895874	0.6796217560768127	0.6559274792671204	0.5	1	0.5	0	0.0	0	0.9433947801589966	0.1409386396408081	0.30023786425590515	-0.2604994475841522	-0.24545349180698395	0.9337520003318787	0.20529615879058838	-0.9591084718704224	-0.1948450803756714
0.6382689476013184	3.946831703186035	-1.3543763160705566	0.6876093149185181	0.6178033351898193	1.0	0	0.0	0	0.0	0	0.9839924573898315	-0.1475137621164322	0.09999337047338486	-0.17512407898902893	-0.9043676257133484	0.38916686177253723	0.03302329406142235	-0.4004485309123993	-0.9157240986824036
0.6332051753997803	3.626967430114746	-1.7764209508895874	0.6796217560768127	0.6559274792671204	0.5	1	0.5	0	0.0	0	0.9839924573898315	-0.1475137621164322	0.09999337047338486	-0.17512407898902893	-0.9043676257133484	0.38916683197021484	0.033023297786712646	-0.4004485011100769	-0.9157240986824036
0.7050012350082397	4.182941436767578	-1.662743091583252	0.6694028377532959	0.6318874359130859	1.0	1	0.0	0	0.0	0	0.9839924573898315	-0.1475137621164322	0.09999337047338486	-0.17512407898902893	-0.9043676257133484	0.38916683197021484	0.033023297786712646	-0.4004485011100769	-0.9157240986824036
0.0	4.166104316711426	-1.3580825328826904	0.6453041434288025	0.5851707458496094	1.0	2	0.0	0	0.0	0	-1.0	0.0	0.0	0.0	0.9565193057060242	-0.29166918992996216	0.0	-0.29166918992996216	-0.9565193057060242
0.0	3.5772712230682373	-1.5446780920028687	0.6076332330703735	0.627912163734436	1.0	6	0.0	0	0.0	0	-1.0	0.0	0.0	0.0	0.7933266162872314	-0.608796238899231	0.0	-0.608796238899231	-0.7933266162872314
0.0	4.136794567108154	-1.148916482925415	0.6457068920135498	0.5541137456893921	1.0	2	0.0	0	0.0	0	0.321404367685318	0.9377799034118652	0.1314079761505127	0.8852331042289734	-0.3468281328678131	0.3099558353424072	0.3362463414669037	0.016705527901649475	-0.9416258931159973
0.6382689476013184	3.946831703186035	-1.3543763160705566	0.6876093149185181	0.6178033351898193	1.0	0	0.0	0	0.0	0	0.321404367685318	0.9377799034118652	0.1314079761505127	0.8852331042289734	-0.3468281328678131	0.3099558353424072	0.3362463414669037	0.016705527901649475	-0.9416258931159973
0.0	4.166104316711426	-1.3580825328826904	0.6453041434288025	0.5851707458496094	1.0	2	0.0	0	0.0	0	0.321404367685318	0.9377799034118652	0.1314079761505127	0.8852331042289734	-0.3468281328678131	0.30995580554008484	0.3362463116645813	0.01670554280281067	-0.9416258931159973
0.0	3.54866361618042	-1.3835893869400024	0.594292163848877	0.616496741771698	1.0	6	0.0	0	0.0	0	-1.0	0.0	0.0	0.0	0.7861813902854919	-0.6179957985877991	0.0	-0.6179957985877991	-0.7861813902854919
0.0	2.4057862758636475	-1.997429609298706	0.6235396265983582	0.7442154288291931	1.0	0	0.0	0	0.0	0	-1.0	0.0	0.0	0.0	-0.16492833197116852	-0.9863055944442749	0.0	-0.9863055944442749	0.16492833197116852
0.0	2.1540603637695312	-1.9225709438323975	0.6154051423072815	0.7766590118408203	1.0	0	0.0	0	0.0	0	-1.0	0.0	0.0	0.0	-0.03255128115415573	-0.9994701147079468	0.0	-0.9994701147079468	0.03255128115415573
0.6357216238975525	2.97977352142334	-1.383589506149292	0.7042763233184814	0.7127437591552734	1.0	0	0.0	0	0.0	0	0.7918222546577454	-0.4962666928768158	-0.3560013175010681	0.5348666310310364	0.28205716609954834	0.7964681386947632	-0.29484787583351135	-0.8210744261741638	0.4887756407260895
0.0	2.4057862758636475	-1.997429609298706	0.6235396265983582	0.7442154288291931	1.0	0	0.0	0	0.0	0	0.7918222546577454	-0.4962666928768158	-0.3560013175010681	0.5348665714263916	0.28205713629722595	0.7964681386947632	-0.29484790563583374	-0.821074366569519	0.4887755811214447
0.6382689476013184	3.099396228790283	-1.5446780920028687	0.6930254101753235	0.6971520185470581	1.0	0	0.0	0	0.0	0	0.7918222546577454	-0.4962666928768158	-0.3560013175010681	0.5348666310310364	0.2820571959018707	0.7964681386947632	-0.29484784603118896	-0.8210743069648743	0.4887756109237671
0.0	4.30129337310791	-1.7255795001983643	0.6484841704368591	0.6224609017372131	1.0	1	0.0	0	0.0	0	-1.0	0.0	0.0	0.0	0.9767800569534302	-0.21424448490142822	0.0	-0.21424448490142822	-0.9767800569534302
0.0	3.7647902965545654	-2.143481492996216	0.6383723616600037	0.6466861367225647	1.0	6	0.0	0	0.0	0	-1.0	0.0	0.0	0.0	0.8021849393844604	-0.5970756411552429	0.0	-0.5970756411552429	-0.8021849393844604
0.0	3.698763847351074	-1.8482170104980469	0.6279347538948059	0.6395043134689331	1.0	6	0.0	0	0.0	0	-1.0	0.0	0.0	0.0	0.8389767408370972	-0.5441672801971436	0.0	-0.5441672801971436	-0.8389767408370972
0.0	4.30129337310791	-1.7255795001983643	0.6484841704368591	0.6224609017372131	1.0	1	0.0	0	0.0	0	0.1322133094072342	0.9630021452903748	0.23483309149742126	0.9524890780448914	-0.18900996446609497	0.2388303577899933	0.2743799388408661	0.1920994073152542	-0.9422386288642883
0.7410376071929932	4.257014274597168	-1.9612114429473877	0.6632813811302185	0.6402003765106201	1.0	1	0.0	0	0.0	0	0.1322133094072342	0.9630021452903748	0.23483309149742126	0.9524890184402466	-0.18900993466377258	0.2388303428888321	0.2743799090385437	0.19209939241409302	-0.9422385692596436
0.0	4.3780364990234375	-2.0402872562408447	0.6504003405570984	0.635707676410675	1.0	1	0.0	0	0.0	0	0.1322133094072342	0.9630021452903748	0.23483309149742126	0.9524890184402466	-0.18900994956493378	0.2388303577899933	0.2743799388408661	0.19209939241409302	-0.9422385692596436
0.6382689476013184	3.099396228790283	-1.5446780920028687	0.6930254101753235	0.6971520185470581	1.0	0	0.0	0	0.0	0	0.6951969861984253	-0.6609655618667603	-0.28253456950187683	0.5961230993270874	0.3104962408542633	0.7404251098632812	-0.40166956186294556	-0.6831666827201843	0.6098728775978088
0.0	2.7195839881896973	-2.226647138595581	0.6354196071624756	0.7031285762786865	1.0	1	0.0	0	0.0	0	0.6951969861984253	-0.6609655618667603	-0.28253456950187683	0.5961230993270874	0.3104962110519409	0.7404251098632812	-0.40166959166526794	-0.6831666827201843	0.6098728775978088
0.7050012350082397	3.2993345260620117	-1.8482170104980469	0.6768253445625305	0.6763089895248413	0.5	1	0.5	0	0.0	0	0.6951969861984253	-0.6609655618667603	-0.28253456950187683	0.5961230993270874	0.3104962110519409	0.740425169467926	-0.40166956186294556	-0.6831666827201843	0.6098728179931641
0.0	4.166104316711426	-1.3580825328826904	0.6453041434288025	0.5851707458496094	1.0	2	0.0	0	0.0	0	0.12577426433563232	0.9310596585273743	0.34250372648239136	0.9553734064102173	-0.20669394731521606	0.21104301512241364	0.26728710532188416	0.3006751537322998	-0.9155064225196838
0.7050012350082397	4.182941436767578	-1.662743091583252	0.6694028377532959	0.6318874359130859	1.0	1	0.0	0	0.0	0	0.12577426433563232	0.9310596585273743	0.34250372648239136	0.9553734660148621	-0.20669397711753845	0.21104305982589722	0.26728713512420654	0.3006751835346222	-0.9155064821243286
0.0	4.30129337310791	-1.7255795001983643	0.6484841704368591	0.6224609017372131	1.0	1	0.0	0	0.0	0	0.12577426433563232	0.9310596585273743	0.34250372648239136	0.9553735256195068	-0.20669399201869965	0.2110430747270584	0.26728713512420654	0.3006751537322998	-0.9155064225196838
0.0	3.5772712230682373	-1.5446780920028687	0.6076332330703735	0.627912163734436	1.0	6	0.0	0	0.0	0	-1.0	0.0	0.0	0.0	0.6529023051261902	-0.7574422359466553	0.0	-0.7574422359466553	-0.6529023051261902
0.0	2.7195839881896973	-2.226647138595581	0.6354196071624756	0.7031285762786865	1.0	1	0.0	0	0.0	0	-1.0	0.0	0.0	0.0	-0.11077708005905151	-0.9938452839851379	0.0	-0.9938452839851379	0.11077708005905151
0.0	2.4057862758636475	-1.997429609298706	0.6235396265983582	0.7442154288291931	1.0	0	0.0	0	0.0	0	-1.0	0.0	0.0	0.0	-0.24900922179222107	-0.9685011506080627	0.0	-0.9685011506080627	0.24900922179222107
0.7410376071929932	3.4629926681518555	-2.143481492996216	0.6673007011413574	0.6655033230781555	1.0	1	0.0	0	0.0	0	0.5473281145095825	-0.7400317788124084	-0.39087724685668945	0.7735349535942078	0.26902008056640625	0.5738221406936646	-0.31949278712272644	-0.6164261698722839	0.7196826934814453
0.0	3.284623622894287	-2.8434250354766846	0.6498532891273499	0.6619090437889099	1.0	1	0.0	0	0.0	0	0.5473281145095825	-0.7400317788124084	-0.39087724685668945	0.7735349535942078	0.26902008056640625	0.5738221406936646	-0.31949278712272644	-0.6164261698722839	0.7196826934814453
0.817132830619812	3.6489369869232178	-2.3889694213867188	0.6626796126365662	0.6582793593406677	1.0	1	0.0	0	0.0	0	0.5473281145095825	-0.7400317788124084	-0.39087724685668945	0.7735349535942078	0.26902008056640625	0.5738222002983093	-0.31949281692504883	-0.6164261698722839	0.7196826338768005
0.6867905259132385	3.710542917251587	-2.0892343521118164	0.6687041521072388	0.6558905243873596	1.0	1	0.0	0	0.0	0	0.9039803147315979	0.2595992386341095	0.33974677324295044	-0.30438777804374695	-0.16730964183807373	0.9377396106719971	0.3002794086933136	-0.9511129260063171	-0.07222578674554825
0.817132830619812	3.6489369869232178	-2.3889694213867188	0.6626796126365662	0.6582793593406677	1.0	1	0.0	0	0.0	0	0.9039803147315979	0.2595992386341095	0.33974677324295044	-0.30438777804374695	-0.16730964183807373	0.9377396106719971	0.3002794086933136	-0.9511129260063171	-0.07222578674554825
0.7628857493400574	3.7806265354156494	-2.345255136489868	0.663345217704773	0.6553839445114136	1.0	1	0.0	0	0.0	0	0.9039803147315979	0.2595992386341095	0.33974677324295044	-0.30438777804374695	-0.16730965673923492	0.9377396702766418	0.3002793788909912	-0.9511128664016724	-0.07222579419612885
0.0	3.698763847351074	-1.8482170104980469	0.6279347538948059	0.6395043134689331	1.0	6	0.0	0	0.0	0	-1.0	0.0	0.0	0.0	-0.1905798465013504	-0.9816717505455017	0.0	-0.9816717505455017	0.1905798465013504
0.0	3.024949789047241	-2.429412364959717	0.6427732110023499	0.6789120435714722	1.0	1	0.0	0	0.0	0	-1.0	0.0	0.0	0.0	-0.1905798465013504	-0.9816716909408569	0.0	-0.9816716909408569	0.1905798465013504
0.0	2.7195839881896973	-2.226647138595581	0.6354196071624756	0.7031285762786865	1.0	1	0.0	0	0.0	0	-1.0	0.0	0.0	0.0	-0.1905798465013504	-0.9816716909408569	0.0	-0.9816716909408569	0.1905798465013504
0.7050012350082397	4.182941436767578	-1.662743091583252	0.6694028377532959	0.6318874359130859	1.0	1	0.0	0	0.0	0	0.9888012409210205	-0.11919485777616501	0.08980418741703033	-0.1487671285867691	-0.8350474238395691	0.5296831130981445	0.011855250224471092	-0.5371111631393433	-0.8434280753135681
0.6867905259132385	3.710542917251587	-2.0892343521118164	0.6687041521072388	0.6558905243873596	1.0	1	0.0	0	0.0	0	0.9888012409210205	-0.11919485777616501	0.08980418741703033	-0.1487671434879303	-0.8350474834442139	0.5296831130981445	0.011855252087116241	-0.5371111631393433	-0.8434281349182129
0.7410376071929932	4.257014274597168	-1.9612114429473877	0.6632813811302185	0.6402003765106201	1.0	1	0.0	0	0.0	0	0.9888012409210205	-0.11919485777616501	0.08980418741703033	-0.1487671434879303	-0.8350474834442139	0.5296831130981445	0.011855252087116241	-0.5371111631393433	-0.8434281349182129
0.6332051753997803	3.626967430114746	-1.7764209508895874	0.6796217560768127	0.6559274792671204	0.5	1	0.5	0	0.0	0	0.9637783765792847	0.16533944010734558	0.20927084982395172	-0.1639149934053421	-0.2517624497413635	0.9538069367408752	0.2103884220123291	-0.9535610675811768	-0.21554157137870789
0.7410376071929932	3.4629926681518555	-2.143481492996216	0.6673007011413574	0.6655033230781555	1.0	1	0.0	0	0.0	0	0.9637783765792847	0.16533944010734558	0.20927084982395172	-0.1639149785041809	-0.25176241993904114	0.9538068771362305	0.2103884369134903	-0.9535610675811768	-0.21554157137870789
0.6867905259132385	3.710542917251587	-2.0892343521118164	0.6687041521072388	0.6558905243873596	1.0	1	0.0	0	0.0	0	0.9637783765792847	0.16533944010734558	0.20927084982395172	-0.1639149785041809	-0.25176241993904114	0.9538068771362305	0.2103884369134903	-0.9535610675811768	-0.2155415564775467
0.7050012350082397	3.2993345260620117	-1.8482170104980469	0.6768253445625305	0.6763089895248413	0.5	1	0.5	0	0.0	0	0.5725352168083191	-0.7447265982627869	-0.34290778636932373	0.7086171507835388	0.2391093522310257	0.6638437509536743	-0.4123895764350891	-0.6230642199516296	0.6646245121955872
0.0	3.024949789047241	-2.429412364959717	0.6427732110023499	0.6789120435714722	1.0	1	0.0	0	0.0	0	0.5725352168083191	-0.7447265982627869	-0.34290778636932373	0.7086171507835388	0.2391093522310257	0.6638437509536743	-0.4123896062374115	-0.6230642199516296	0.6646245121955872
0.7410376071929932	3.4629926681518555	-2.143481492996216	0.6673007011413574	0.6655033230781555	1.0	1	0.0	0	0.0	0	0.5725352168083191	-0.7447265982627869	-0.34290778636932373	0.7086171507835388	0.2391093522310257	0.6638437509536743	-0.4123896062374115	-0.6230642199516296	0.6646245121955872
0.0	4.563981056213379	-2.2436439990997314	0.6523676514625549	0.6419669985771179	1.0	1	0.0	0	0.0	0	-1.0	0.0	0.0	0.0	0.9305275678634644	-0.36622199416160583	0.0	-0.36622199416160583	-0.9305275678634644
0.0	4.013003826141357	-2.822688102722168	0.6503944993019104	0.6507781147956848	1.0	6	0.0	0	0.0	0	-1.0	0.0	0.0	0.0	0.6186287999153137	-0.7856833934783936	0.0	-0.7856833934783936	-0.6186287999153137
0.0	3.834873914718628	-2.3995022773742676	0.6438946723937988	0.6496710777282715	1.0	6	0.0	0	0.0	0	-1.0	0.0	0.0	0.0	0.5206525325775146	-0.8537687659263611	0.0	-0.8537687659263611	-0.5206525325775146
0.0	4.563981056213379	-2.2436439990997314	0.6523676514625549	0.6419669985771179	1.0	1	0.0	0	0.0	0	0.0731523409485817	0.9801933169364929	0.18403756618499756	0.9851419925689697	-0.09976833313703537	0.1397911012172699	0.1553834229707718	0.17107708752155304	-0.9729278683662415
0.8737501502037048	4.559089183807373	-2.5648930072784424	0.6570703387260437	0.6467607021331787	1.0	1	0.0	0	0.0	0	0.0731523409485817	0.9801933169364929	0.18403756618499756	0.9851420521736145	-0.09976834803819656	0.1397911012172699	0.1553834229707718	0.17107710242271423	-0.9729279279708862
0.0	4.639395236968994	-2.645303726196289	0.653491199016571	0.6462915539741516	1.0	1	0.0	0	0.0	0	0.0731523409485817	0.9801933169364929	0.18403756618499756	0.9851420521736145	-0.09976834803819656	0.1397911161184311	0.15538343787193298	0.17107710242271423	-0.9729279279708862
0.0	4.3780364990234375	-2.0402872562408447	0.6504003405570984	0.635707676410675	1.0	1	0.0	0	0.0	0	0.036091551184654236	0.7375147342681885	0.6743659377098083	0.9610000252723694	-0.21075429022312164	0.17905770242214203	0.2741832137107849	0.6416032314300537	-0.7163581252098083
0.817132830619812	4.432426452636719	-2.143502712249756	0.6597204208374023	0.6435709595680237	1.0	1	0.0	0	0.0	0	0.036091551184654236	0.7375147342681885	0.6743659377098083	0.9609999656677246	-0.21075427532196045	0.17905768752098083	0.2741832137107849	0.6416032314300537	-0.7163581252098083
0.0	4.563981056213379	-2.2436439990997314	0.6523676514625549	0.6419669985771179	1.0	1	0.0	0	0.0	0	0.036091551184654236	0.7375147342681885	0.6743659377098083	0.9610000252723694	-0.21075429022312164	0.17905768752098083	0.2741832137107849	0.6416032314300537	-0.7163581252098083
0.0	4.3780364990234375	-2.0402872562408447	0.6504003405570984	0.635707676410675	1.0	1	0.0	0	0.0	0	-1.0	0.0	0.0	0.0	0.9746343493461609	-0.22380340099334717	0.0	-0.22380340099334717	-0.9746343493461609
0.0	3.024949789047241	-2.429412364959717	0.6427732110023499	0.6789120435714722	1.0	1	0.0	0	0.0	0	-1.0	0.0	0.0	0.0	-0.4398331046104431	-0.898079514503479	0.0	-0.898079514503479	0.4398331046104431
0.0	3.284623622894287	-2.8434250354766846	0.6498532891273499	0.6619090437889099	1.0	1	0.0	0	0.0	0	-1.0	0.0	0.0	0.0	-0.13692817091941833	-0.9905809760093689	0.0	-0.9905809760093689	0.13692817091941833
0.7410376071929932	4.257014274597168	-1.9612114429473877	0.6632813811302185	0.6402003765106201	1.0	1	0.0	0	0.0	0	0.9559179544448853	-0.15646785497665405	0.24847273528575897	-0.23293937742710114	-0.9192818999290466	0.3172697126865387	0.17877396941184998	-0.3611629009246826	-0.9152055978775024
0.7628857493400574	3.7806265354156494	-2.345255136489868	0.663345217704773	0.6553839445114136	1.0	1	0.0	0	0.0	0	0.9559179544448853	-0.15646785497665405	0.24847273528575897	-0.23293937742710114	-0.9192818403244019	0.3172697126865387	0.17877396941184998	-0.3611629009246826	-0.9152055382728577
0.817132830619812	4.432426452636719	-2.143502712249756	0.6597204208374023	0.6435709595680237	1.0	1	0.0	0	0.0	0	0.9559179544448853	-0.15646785497665405	0.24847273528575897	-0.23293936252593994	-0.9192818403244019	0.3172696828842163	0.17877398431301117	-0.36116287112236023	-0.9152055382728577
0.8737501502037048	4.600760459899902	-2.636329174041748	0.6564357876777649	0.6470771431922913	1.0	1	0.0	0	0.0	0	0.016097111627459526	-0.6001678705215454	-0.7997121810913086	0.9720053672790527	-0.17811372876167297	0.15323591232299805	-0.2344069629907608	-0.7797911167144775	0.5804992318153381
0.0	4.923772811889648	-2.8963308334350586	0.6548331379890442	0.6475886106491089	1.0	1	0.0	0	0.0	0	0.016097111627459526	-0.6001678705215454	-0.7997121810913086	0.9720052480697632	-0.17811372876167297	0.15323589742183685	-0.234406977891922	-0.7797911167144775	0.5804992318153381
1.0006961822509766	4.843466758728027	-2.815920114517212	0.6554861664772034	0.6479122042655945	1.0	1	0.0	0	0.0	0	0.016097111627459526	-0.6001678705215454	-0.7997121810913086	0.972005307674408	-0.17811372876167297	0.15323589742183685	-0.2344069480895996	-0.7797910571098328	0.5804991722106934
0.843090295791626	4.149028301239014	-2.7205920219421387	0.6578957438468933	0.650665283203125	1.0	1	0.0	0	0.0	0	0.7684288620948792	0.16512782871723175	0.6182636618614197	-0.608007550239563	-0.11296672374010086	0.7858532071113586	0.19960945844650269	-0.9797812700271606	0.013592077419161797
1.0006961822509766	4.269680976867676	-2.948701858520508	0.6562916040420532	0.6502178311347961	1.0	1	0.0	0	0.0	0	0.7684288620948792	0.16512782871723175	0.6182636618614197	-0.6080076098442078	-0.11296673119068146	0.7858533263206482	0.19960945844650269	-0.9797812700271606	0.013592079281806946
0.9638155102729797	4.391734600067139	-2.93546199798584	0.656238317489624	0.64958655834198	1.0	1	0.0	0	0.0	0	0.7684288620948792	0.16512782871723175	0.6182636618614197	-0.6080076098442078	-0.11296674609184265	0.7858533263206482	0.19960945844650269	-0.9797812700271606	0.013592071831226349
0.0	3.745215892791748	-3.0782387256622314	0.6516532897949219	0.6547017097473145	1.0	1	0.0	0	0.0	0	-1.0	0.0	0.0	0.0	0.41107288002967834	-0.9116024971008301	0.0	-0.9116024971008301	-0.41107288002967834
0.817132830619812	4.432426452636719	-2.143502712249756	0.6597204208374023	0.6435709595680237	1.0	1	0.0	0	0.0	0	0.9887763261795044	-0.11163215339183807	0.09929567575454712	-0.14754611253738403	-0.8340853452682495	0.5315373539924622	0.023484408855438232	-0.5402222275733948	-0.841194748878479
0.843090295791626	4.149028301239014	-2.7205920219421387	0.6578957438468933	0.650665283203125	1.0	1	0.0	0	0.0	0	0.9887763261795044	-0.11163215339183807	0.09929567575454712	-0.14754611253738403	-0.8340853452682495	0.5315372943878174	0.02348441258072853	-0.54022216796875	-0.841194748878479
0.8737501502037048	4.559089183807373	-2.5648930072784424	0.6570703387260437	0.6467607021331787	1.0	1	0.0	0	0.0	0	0.9887763261795044	-0.11163215339183807	0.09929567575454712	-0.14754611253738403	-0.8340852856636047	0.5315372943878174	0.02348441258072853	-0.54022216796875	-0.8411946892738342
0.7628857493400574	3.7806265354156494	-2.345255136489868	0.663345217704773	0.6553839445114136	1.0	1	0.0	0	0.0	0	0.9432662725448608	0.11280771344900131	0.31228694319725037	-0.31522896885871887	0.008797313086688519	0.9489748477935791	0.10430441796779633	-0.9935779571533203	0.043858472257852554
0.8737501502037048	4.026974678039551	-2.769110918045044	0.6575337648391724	0.6522082686424255	1.0	1	0.0	0	0.0	0	0.9432662725448608	0.11280771344900131	0.31228694319725037	-0.31522899866104126	0.008797310292720795	0.9489749073982239	0.10430441051721573	-0.9935779571533203	0.04385846480727196
0.843090295791626	4.149028301239014	-2.7205920219421387	0.6578957438468933	0.650665283203125	1.0	1	0.0	0	0.0	0	0.9432662725448608	0.11280771344900131	0.31228694319725037	-0.31522896885871887	0.008797313086688519	0.9489748477935791	0.10430441796779633	-0.9935779571533203	0.043858472257852554
0.817132830619812	3.6489369869232178	-2.3889694213867188	0.6626796126365662	0.6582793593406677	1.0	1	0.0	0	0.0	0	0.43004509806632996	-0.6713641285896301	-0.6035988330841064	0.8699362277984619	0.12938722968101501	0.4758886694908142	-0.24139657616615295	-0.7297459244728088	0.6396862268447876
0.0	3.745215892791748	-3.0782387256622314	0.6516532897949219	0.6547017097473145	1.0	1	0.0	0	0.0	0	0.43004509806632996	-0.6713641285896301	-0.6035988330841064	0.8699361681938171	0.12938721477985382	0.4758886396884918	-0.24139660596847534	-0.7297460436820984	0.6396862268447876
0.8737501502037048	4.026974678039551	-2.769110918045044	0.6575337648391724	0.6522082686424255	1.0	1	0.0	0	0.0	0	0.43004509806632996	-0.6713641285896301	-0.6035988330841064	0.8699361681938171	0.12938721477985382	0.4758886694908142	-0.24139660596847534	-0.7297460436820984	0.6396862268447876
0.0	4.665709018707275	-2.7268502712249756	0.6540672779083252	0.6467073559761047	1.0	1	0.0	0	0.0	0	-1.0	0.0	0.0	0.0	-0.8318861722946167	-0.5549464821815491	0.0	-0.5549464821815491	0.8318861722946167
0.0	4.882101535797119	-2.824894666671753	0.6546213626861572	0.6476633548736572	1.0	1	0.0	0	0.0	0	-1.0	0.0	0.0	0.0	0.5257906317710876	-0.8506139516830444	0.0	-0.8506139516830444	-0.5257906317710876
0.0	4.923772811889648	-2.8963308334350586	0.6548331379890442	0.6475886106491089	1.0	1	0.0	0	0.0	0	-1.0	0.0	0.0	0.0	0.5952008962631226	-0.8035769462585449	0.0	-0.8035769462585449	-0.5952008962631226
0.9638155102729797	4.391734600067139	-2.93546199798584	0.656238317489624	0.64958655834198	1.0	1	0.0	0	0.0	0	0.1057853251695633	0.41198569536209106	-0.9050288796424866	0.9913370013237	0.02755892463028431	0.12841887772083282	0.07784836739301682	-0.9107734560966492	-0.4055013358592987
0.0	4.882101535797119	-2.824894666671753	0.6546213626861572	0.6476633548736572	1.0	1	0.0	0	0.0	0	0.1057853251695633	0.41198569536209106	-0.9050288796424866	0.9913370609283447	0.027558930218219757	0.12841889262199402	0.07784837484359741	-0.910773515701294	-0.4055013656616211
1.0006961822509766	4.801795482635498	-2.7444839477539062	0.6556663513183594	0.648065447807312	1.0	1	0.0	0	0.0	0	0.1057853251695633	0.41198569536209106	-0.9050288796424866	0.9913370609283447	0.027558928355574608	0.12841887772083282	0.07784836739301682	-0.910773515701294	-0.4055013656616211
0.0	4.255710124969482	-3.002279043197632	0.6524616479873657	0.6502150297164917	1.0	1	0.0	0	0.0	0	0.03651321679353714	0.5596586465835571	-0.8279184699058533	0.9984568357467651	0.014256092719733715	0.05367124453186989	0.041840460151433945	-0.8286005258560181	-0.558274507522583
1.0006961822509766	4.269680976867676	-2.948701858520508	0.6562916040420532	0.6502178311347961	1.0	1	0.0	0	0.0	0	0.03651321679353714	0.5596586465835571	-0.8279184699058533	0.9984569549560547	0.014256094582378864	0.053671255707740784	0.04184046387672424	-0.8286006450653076	-0.558274507522583
0.0	4.0518693923950195	-3.1400718688964844	0.6524266004562378	0.652015209197998	1.0	1	0.0	0	0.0	0	0.03651321679353714	0.5596586465835571	-0.8279184699058533	0.9984568953514099	0.014256097376346588	0.05367124825716019	0.04184046387672424	-0.8286005854606628	-0.558274507522583
0.0	4.882101535797119	-2.824894666671753	0.6546213626861572	0.6476633548736572	1.0	1	0.0	0	0.0	0	0.02881779707968235	0.8634192943572998	0.5036634206771851	0.9702286720275879	0.09705554693937302	-0.22189319133758545	-0.24047018587589264	0.4950631558895111	-0.8349171876907349
1.0006961822509766	4.843466758728027	-2.815920114517212	0.6554861664772034	0.6479122042655945	1.0	1	0.0	0	0.0	0	0.02881779707968235	0.8634192943572998	0.5036634206771851	0.9702286720275879	0.09705553948879242	-0.22189319133758545	-0.24047018587589264	0.4950631558895111	-0.8349171876907349
0.0	4.923772811889648	-2.8963308334350586	0.6548331379890442	0.6475886106491089	1.0	1	0.0	0	0.0	0	0.02881779707968235	0.8634192943572998	0.5036634206771851	0.9702286720275879	0.09705553948879242	-0.22189319133758545	-0.24047018587589264	0.4950631558895111	-0.8349171876907349
0.8737501502037048	4.026974678039551	-2.769110918045044	0.6575337648391724	0.6522082686424255	1.0	1	0.0	0	0.0	0	0.27722203731536865	-0.6609808802604675	-0.6973179578781128	0.9287946820259094	-0.0014190822839736938	0.3705918490886688	-0.24594365060329437	-0.7504013776779175	0.6135221123695374
