1323	443	12
0.5163865089416504	0.4821288585662842	-0.20970992743968964	0.625	0.5	0.5	9	0.5	0	0.0	0	0.15918941795825958	0.9871997237205505	0.009769707918167114	-0.9871287941932678	0.15931621193885803	-0.013967416249215603	-0.015345102176070213	-0.00742049515247345	0.9998547434806824
0.0	0.5609161853790283	0.24316297471523285	0.75	0.625	1.0	0	0.0	0	0.0	0	0.15918941795825958	0.9871997237205505	0.009769707918167114	-0.9871287941932678	0.15931621193885803	-0.013967414386570454	-0.015345100313425064	-0.00742049515247345	0.9998547434806824
0.6233481168746948	0.4603118300437927	0.25198304653167725	0.625	0.625	1.0	0	0.0	0	0.0	0	0.15918941795825958	0.9871997237205505	0.009769707918167114	-0.9871287941932678	0.15931621193885803	-0.013967416249215603	-0.015345102176070213	-0.00742049515247345	0.9998547434806824
0.0	0.5609161853790283	0.24316297471523285	0.75	0.625	1.0	0	0.0	0	0.0	0	0.15597975254058838	0.9783689975738525	0.13588368892669678	-0.9871287941932678	0.15931622684001923	-0.013967390172183514	-0.03531373664736748	-0.1319560706615448	0.990626335144043
0.4702925384044647	0.4079959988594055	0.804350733757019	0.625	0.75	0.5	5	0.5	0	0.0	0	0.15597975254058838	0.9783689975738525	0.13588368892669678	-0.987128734588623	0.15931622684001923	-0.013967386446893215	-0.03531373292207718	-0.1319560706615448	0.9906262755393982
0.6233481168746948	0.4603118300437927	0.25198304653167725	0.625	0.625	1.0	0	0.0	0	0.0	0	0.15597975254058838	0.9783689975738525	0.13588368892669678	-0.9871288537979126	0.15931621193885803	-0.013967392966151237	-0.03531373664736748	-0.131956085562706	0.990626335144043
0.5665269494056702	-0.2337617576122284	0.8671264052391052	0.5000000596046448	0.75	0.3333333333333333	5	0.3333333333333333	2	0.3333333333333333	0	0.9784383177757263	0.1762569397687912	-0.10766614228487015	0.2065390795469284	-0.8349815607070923	0.5100465416908264	-9.018354063528022e-09	-0.5212863087654114	-0.8533818125724792
0.4990653991699219	0.4120835065841675	1.3113491535186768	0.625	0.75	1.0	5	0.0	0	0.0	0	0.9784383177757263	0.1762569397687912	-0.10766614228487015	0.2065390795469284	-0.8349815607070923	0.5100465416908264	-9.018354063528022e-09	-0.5212863087654114	-0.8533818125724792
0.5846540927886963	0.061091676354408264	1.5145560503005981	0.5000000596046448	0.75	0.5	5	0.5	2	0.0	0	0.9784383177757263	0.1762569397687912	-0.10766614228487015	0.2065390795469284	-0.8349815607070923	0.5100465416908264	-9.018354063528022e-09	-0.5212863087654114	-0.8533818125724792
0.0	0.47878506779670715	0.9771996736526489	0.7500000596046448	0.7500000596046448	0.5	5	0.5	0	0.0	0	0.1430380791425705	0.9895862936973572	-0.01609582081437111	0.9897172451019287	-0.1430191695690155	0.0023262356407940388	-2.3524968084664977e-10	-0.016263050958514214	-0.9998677968978882
0.4990653991699219	0.4120835065841675	1.3113491535186768	0.625	0.75	1.0	5	0.0	0	0.0	0	0.1430380791425705	0.9895862936973572	-0.01609582081437111	0.9897172451019287	-0.1430191695690155	0.0023262356407940388	-2.3524968084664977e-10	-0.016263050958514214	-0.9998677968978882
0.4702925384044647	0.4079959988594055	0.804350733757019	0.625	0.75	0.5	5	0.5	0	0.0	0	0.1430380791425705	0.9895862936973572	-0.01609582081437111	0.9897172451019287	-0.1430191695690155	0.0023262356407940388	-2.3524968084664977e-10	-0.016263050958514214	-0.9998677968978882
0.5070801377296448	-0.8415243029594421	-0.4884047210216522	0.375	0.5	1.0	9	0.0	0	0.0	0	0.23915092647075653	-0.9677150845527649	0.07958878576755524	0.9604520201683044	0.24780036509037018	0.12699219584465027	-0.14261439442634583	0.04607090726494789	0.988705575466156
0.0	-0.9117282032966614	0.1816810667514801	0.25	0.625	0.5	9	0.5	0	0.0	0	0.23915092647075653	-0.9677150845527649	0.07958878576755524	0.9604520201683044	0.24780036509037018	0.12699219584465027	-0.14261439442634583	0.04607090726494789	0.988705575466156
0.0	-0.972352921962738	-0.5554511547088623	0.2500000298023224	0.5000000596046448	1.0	9	0.0	0	0.0	0	0.23915092647075653	-0.9677150845527649	0.07958878576755524	0.9604520201683044	0.24780036509037018	0.12699219584465027	-0.14261439442634583	0.04607090726494789	0.988705575466156
0.0	-0.9117282032966614	0.1816810667514801	0.25	0.625	0.5	9	0.5	0	0.0	0	0.47538554668426514	-0.8788003921508789	-0.04145374521613121	0.8796883821487427	0.47413837909698486	0.03662200644612312	-0.012528622522950172	-0.05387595295906067	0.9984690546989441
0.47126200795173645	-0.6805286407470703	0.6847206354141235	0.375	0.75	0.5	2	0.5	0	0.0	0	0.47538554668426514	-0.8788003921508789	-0.04145374521613121	0.8796884417533875	0.47413840889930725	0.03662201017141342	-0.012528626248240471	-0.05387595295906067	0.9984691143035889
0.0	-0.934531569480896	0.665101945400238	0.2500000298023224	0.7500000596046448	0.5	2	0.5	0	0.0	0	0.47538554668426514	-0.8788003921508789	-0.04145374521613121	0.8796883821487427	0.47413837909698486	0.03662200644612312	-0.012528622522950172	-0.05387595295906067	0.9984690546989441
0.6192800998687744	-0.23339664936065674	-0.43565452098846436	0.5000000596046448	0.5000000596046448	1.0	9	0.0	0	0.0	0	0.9780253171920776	-0.16997407376766205	-0.12072888016700745	0.18078181147575378	0.9798439145088196	0.08499305695295334	0.10384884476661682	-0.10495094954967499	0.9890403747558594
0.6166478991508484	-0.7172242999076843	0.2242024838924408	0.3750000596046448	0.625	1.0	0	0.0	0	0.0	0	0.9780253171920776	-0.16997407376766205	-0.12072888016700745	0.18078182637691498	0.9798439741134644	0.08499306440353394	0.10384883731603622	-0.10495094954967499	0.9890403151512146
0.5070801377296448	-0.8415243029594421	-0.4884047210216522	0.375	0.5	1.0	9	0.0	0	0.0	0	0.9780253171920776	-0.16997407376766205	-0.12072888016700745	0.18078181147575378	0.9798439145088196	0.08499306440353394	0.10384884476661682	-0.10495095700025558	0.9890403747558594
0.5163865089416504	0.4821288585662842	-0.20970992743968964	0.625	0.5	0.5	9	0.5	0	0.0	0	0.925083339214325	0.22875192761421204	-0.303139328956604	-0.13585563004016876	0.944745659828186	0.29832690954208374	0.3546323776245117	-0.2347940355539322	0.9050456285476685
0.849218487739563	-0.23339664936065674	0.26604318618774414	0.5000000596046448	0.625	1.0	0	0.0	0	0.0	0	0.925083339214325	0.22875192761421204	-0.303139328956604	-0.13585563004016876	0.944745659828186	0.29832687973976135	0.3546323776245117	-0.2347940057516098	0.9050456285476685
0.6192800998687744	-0.23339664936065674	-0.43565452098846436	0.5000000596046448	0.5000000596046448	1.0	9	0.0	0	0.0	0	0.925083339214325	0.22875192761421204	-0.303139328956604	-0.13585563004016876	0.944745659828186	0.29832687973976135	0.3546323776245117	-0.2347940057516098	0.9050456285476685
0.849218487739563	-0.23339664936065674	0.26604318618774414	0.5000000596046448	0.625	1.0	0	0.0	0	0.0	0	0.8909763097763062	0.17460496723651886	0.41913527250289917	-0.14760732650756836	0.984347939491272	-0.09628727287054062	-0.4293871819972992	0.02392224222421646	0.9028036594390869
0.4702925384044647	0.4079959988594055	0.804350733757019	0.625	0.75	0.5	5	0.5	0	0.0	0	0.8909763097763062	0.17460496723651886	0.41913527250289917	-0.14760732650756836	0.984347939491272	-0.09628726541996002	-0.4293871819972992	0.023922234773635864	0.9028036594390869
0.5665269494056702	-0.2337617576122284	0.8671264052391052	0.5000000596046448	0.75	0.3333333333333333	5	0.3333333333333333	2	0.3333333333333333	0	0.8909763097763062	0.17460496723651886	0.41913527250289917	-0.14760732650756836	0.984347939491272	-0.09628727287054062	-0.4293871819972992	0.02392224222421646	0.9028036594390869
0.849218487739563	-0.23339664936065674	0.26604318618774414	0.5000000596046448	0.625	1.0	0	0.0	0	0.0	0	0.84858238697052	-0.4340626299381256	0.3024856150150299	0.4319256544113159	0.8985555768013	0.0777057483792305	-0.30552929639816284	0.0647115632891655	0.9499812126159668
0.47126200795173645	-0.6805286407470703	0.6847206354141235	0.375	0.75	0.5	2	0.5	0	0.0	0	0.84858238697052	-0.4340626299381256	0.3024856150150299	0.43192562460899353	0.8985555171966553	0.0777057483792305	-0.30552932620048523	0.0647115707397461	0.9499812722206116
0.6166478991508484	-0.7172242999076843	0.2242024838924408	0.3750000596046448	0.625	1.0	0	0.0	0	0.0	0	0.84858238697052	-0.4340626299381256	0.3024856150150299	0.43192562460899353	0.8985555171966553	0.0777057483792305	-0.30552932620048523	0.0647115707397461	0.9499812722206116
0.0	-0.972352921962738	-0.5554511547088623	0.2500000298023224	0.5000000596046448	1.0	9	0.0	0	0.0	0	0.2611834704875946	-0.9598413109779358	-0.10241055488586426	0.9652891755104065	0.2597094178199768	0.027709772810339928	1.929623794083568e-09	-0.10609312355518341	0.9943561553955078
0.5910311341285706	-0.7478380799293518	-1.1523723602294922	0.375	0.5	1.0	9	0.0	0	0.0	0	0.2611834704875946	-0.9598413109779358	-0.10241055488586426	0.9652891755104065	0.2597094178199768	0.027709772810339928	1.929623794083568e-09	-0.10609312355518341	0.9943561553955078
0.5070801377296448	-0.8415243029594421	-0.4884047210216522	0.375	0.5	1.0	9	0.0	0	0.0	0	0.2611834704875946	-0.9598413109779358	-0.10241055488586426	0.9652891755104065	0.2597094178199768	0.027709772810339928	1.929623794083568e-09	-0.10609312355518341	0.9943561553955078
0.6192800998687744	-0.23339664936065674	-0.43565452098846436	0.5000000596046448	0.5000000596046448	1.0	9	0.0	0	0.0	0	0.9765581488609314	-0.1912488341331482	0.09878303855657578	0.2152538150548935	0.8676528930664062	-0.4481564164161682	0.0	0.45891422033309937	0.8884806036949158
0.5910311341285706	-0.7478380799293518	-1.1523723602294922	0.375	0.5	1.0	9	0.0	0	0.0	0	0.9765581488609314	-0.1912488341331482	0.09878303855657578	0.2152538150548935	0.8676528930664062	-0.4481564164161682	0.0	0.45891422033309937	0.8884806036949158
0.6980604529380798	-0.17434270679950714	-1.1001369953155518	0.5000000596046448	0.5000000596046448	1.0	9	0.0	0	0.0	0	0.9765581488609314	-0.1912488341331482	0.09878303855657578	0.2152538150548935	0.8676528930664062	-0.4481564164161682	0.0	0.45891422033309937	0.8884806036949158
0.6980604529380798	-0.17434270679950714	-1.1001369953155518	0.5000000596046448	0.5000000596046448	1.0	9	0.0	0	0.0	0	0.9836011528968811	0.1737198382616043	-0.04847954213619232	0.18035705387592316	-0.9474015831947327	0.26438888907432556	5.163756977566436e-09	-0.2687968611717224	-0.9631969332695007
0.5767519474029541	0.48561155796051025	-1.1965082883834839	0.625	0.5	0.5	9	0.5	1	0.0	0	0.9836011528968811	0.1737198382616043	-0.04847954213619232	0.18035705387592316	-0.9474015831947327	0.26438888907432556	5.163756977566436e-09	-0.2687968611717224	-0.9631969332695007
0.6014360785484314	0.49236446619033813	-0.6714940071105957	0.625	0.5	1.0	9	0.0	0	0.0	0	0.9836011528968811	0.1737198382616043	-0.04847954213619232	0.18035705387592316	-0.9474015831947327	0.26438888907432556	5.163756977566436e-09	-0.2687968611717224	-0.9631969332695007
0.0	0.611952006816864	-0.7307556867599487	0.7500000596046448	0.5000000596046448	1.0	9	0.0	0	0.0	0	0.14782853424549103	0.9854183793067932	-0.08424606174230576	0.9890129566192627	-0.14729119837284088	0.012592320330440998	9.416687429819603e-10	-0.08518195152282715	-0.9963653683662415
0.5767519474029541	0.48561155796051025	-1.1965082883834839	0.625	0.5	0.5	9	0.5	1	0.0	0	0.14782853424549103	0.9854183793067932	-0.08424606174230576	0.9890129566192627	-0.14729119837284088	0.012592320330440998	9.416687429819603e-10	-0.08518195152282715	-0.9963653683662415
0.0	0.5703988671302795	-1.216799020767212	0.7500000596046448	0.5000000596046448	0.5	9	0.5	1	0.0	0	0.14782853424549103	0.9854183793067932	-0.08424606174230576	0.9890129566192627	-0.14729119837284088	0.012592320330440998	9.416687429819603e-10	-0.08518195152282715	-0.9963653683662415
0.0	0.6414534449577332	-0.3582445979118347	0.7500000596046448	0.5000000596046448	0.5	9	0.5	0	0.0	0	0.20175890624523163	0.9763780832290649	-0.07732537388801575	0.9794352650642395	-0.20112915337085724	0.01592865213751793	0.0	-0.07894894480705261	-0.9968786835670471
0.6014360785484314	0.49236446619033813	-0.6714940071105957	0.625	0.5	1.0	9	0.0	0	0.0	0	0.20175890624523163	0.9763780832290649	-0.07732537388801575	0.9794352650642395	-0.20112915337085724	0.01592865213751793	0.0	-0.07894894480705261	-0.9968786835670471
0.0	0.611952006816864	-0.7307556867599487	0.7500000596046448	0.5000000596046448	1.0	9	0.0	0	0.0	0	0.20175890624523163	0.9763780832290649	-0.07732537388801575	0.9794352650642395	-0.20112915337085724	0.01592865213751793	0.0	-0.07894894480705261	-0.9968786835670471
0.6192800998687744	-0.23339664936065674	-0.43565452098846436	0.5000000596046448	0.5000000596046448	1.0	9	0.0	0	0.0	0	0.9797087907791138	0.08332236111164093	0.18228578567504883	0.20042607188224792	-0.4072900116443634	-0.8910354375839233	4.646707019162477e-09	0.9094900488853455	-0.41572555899620056
0.6014360785484314	0.49236446619033813	-0.6714940071105957	0.625	0.5	1.0	9	0.0	0	0.0	0	0.9797087907791138	0.08332236111164093	0.18228578567504883	0.20042607188224792	-0.4072900116443634	-0.8910354375839233	4.646707019162477e-09	0.9094900488853455	-0.41572555899620056
0.5163865089416504	0.4821288585662842	-0.20970992743968964	0.625	0.5	0.5	9	0.5	0	0.0	0	0.9797087907791138	0.08332236111164093	0.18228578567504883	0.20042607188224792	-0.4072900116443634	-0.8910354375839233	4.646707019162477e-09	0.9094900488853455	-0.41572555899620056
0.667402446269989	-0.15673135221004486	-1.2930221557617188	0.5000000596046448	0.5000000596046448	1.0	9	0.0	0	0.0	0	0.8708875775337219	0.19094912707805634	-0.45287206768989563	0.4914819598197937	-0.3383546471595764	0.8024721741676331	0.0	-0.9214416146278381	-0.38851696252822876
0.5371869802474976	0.3791377544403076	-1.3174866437911987	0.625	0.5	0.5	9	0.5	1	0.0	0	0.8708875775337219	0.19094912707805634	-0.45287206768989563	0.4914819598197937	-0.3383546471595764	0.8024721741676331	0.0	-0.9214416146278381	-0.38851696252822876
0.5767519474029541	0.48561155796051025	-1.1965082883834839	0.625	0.5	0.5	9	0.5	1	0.0	0	0.8708875775337219	0.19094912707805634	-0.45287206768989563	0.4914819598197937	-0.3383546471595764	0.8024721741676331	0.0	-0.9214416146278381	-0.38851696252822876
0.0	0.5703988671302795	-1.216799020767212	0.7500000596046448	0.5000000596046448	0.5	9	0.5	1	0.0	0	0.11120353639125824	0.6892380118370056	-0.7159503102302551	0.9937976598739624	-0.07712405174970627	0.08011309802532196	0.0	-0.7204185128211975	-0.6935395002365112
0.5371869802474976	0.3791377544403076	-1.3174866437911987	0.625	0.5	0.5	9	0.5	1	0.0	0	0.11120353639125824	0.6892380118370056	-0.7159503102302551	0.9937976598739624	-0.07712405174970627	0.08011309802532196	0.0	-0.7204185128211975	-0.6935395002365112
0.0	0.44855308532714844	-1.3340986967086792	0.7500000596046448	0.5000000596046448	0.5	9	0.5	1	0.0	0	0.11120353639125824	0.6892380118370056	-0.7159503102302551	0.9937976598739624	-0.07712405174970627	0.08011309802532196	0.0	-0.7204185128211975	-0.6935395002365112
0.6980604529380798	-0.17434270679950714	-1.1001369953155518	0.5000000596046448	0.5000000596046448	1.0	9	0.0	0	0.0	0	0.9706771969795227	-0.17014004290103912	-0.1698182225227356	0.24038666486740112	0.6870218515396118	0.6857223510742188	7.748529817774852e-09	-0.7064370512962341	0.7077758312225342
0.5741197466850281	-0.638154149055481	-1.3438888788223267	0.375	0.5	1.0	9	0.0	0	0.0	0	0.9706771969795227	-0.17014004290103912	-0.1698182225227356	0.24038666486740112	0.6870218515396118	0.6857223510742188	7.748529817774852e-09	-0.7064370512962341	0.7077758312225342
0.667402446269989	-0.15673135221004486	-1.2930221557617188	0.5000000596046448	0.5000000596046448	1.0	9	0.0	0	0.0	0	0.9706771969795227	-0.17014004290103912	-0.1698182225227356	0.24038666486740112	0.6870218515396118	0.6857223510742188	7.748529817774852e-09	-0.7064370512962341	0.7077758312225342
0.5741197466850281	-0.638154149055481	-1.3438888788223267	0.375	0.5	1.0	9	0.0	0	0.0	0	-0.01953129656612873	0.5360913276672363	-0.8439341187477112	0.999809205532074	0.010472552850842476	-0.016486268490552902	-9.31500321321721e-10	-0.8440950512886047	-0.5361936092376709
0.0048036421649158	-0.764481782913208	-1.410960078239441	0.2500000298023224	0.5000000596046448	1.0	10	0.0	0	0.0	0	-0.01953129656612873	0.5360913276672363	-0.8439341187477112	0.999809205532074	0.010472552850842476	-0.016486268490552902	-9.31500321321721e-10	-0.8440950512886047	-0.5361936092376709
0.0	-0.746394693851471	-1.3993594646453857	0.2500000298023224	0.5000000596046448	1.0	9	0.0	0	0.0	0	-0.01953129656612873	0.5360913276672363	-0.8439341187477112	0.999809205532074	0.010472552850842476	-0.016486268490552902	-9.31500321321721e-10	-0.8440950512886047	-0.5361936092376709
0.0	-0.606708288192749	-1.4911465644836426	0.2500000298023224	0.5000000596046448	1.0	9	0.0	0	0.0	0	0.08326469361782074	-0.8040010929107666	0.5887693762779236	0.9965275526046753	0.06717817485332489	-0.04919452592730522	-3.738271914244251e-09	0.5908210277557373	0.8068026900291443
0.5077845454216003	-0.5611428022384644	-1.5007357597351074	0.375	0.5	1.0	9	0.0	0	0.0	0	0.08326469361782074	-0.8040010929107666	0.5887693762779236	0.9965275526046753	0.06717817485332489	-0.04919452592730522	-3.738271914244251e-09	0.5908210277557373	0.8068026900291443
0.5345547795295715	-0.5180917978286743	-1.445732831954956	0.375	0.5	1.0	9	0.0	0	0.0	0	0.08326469361782074	-0.8040010929107666	0.5887693762779236	0.9965275526046753	0.06717817485332489	-0.04919452592730522	-3.738271914244251e-09	0.5908210277557373	0.8068026900291443
0.5345547795295715	-0.5180917978286743	-1.445732831954956	0.375	0.5	1.0	9	0.0	0	0.0	0	0.9111915826797485	-0.13705956935882568	-0.38851606845855713	0.41198331117630005	0.30313748121261597	0.8592889308929443	9.042339321752024e-09	-0.9430388808250427	0.3326825201511383
0.5710266828536987	-0.13755710422992706	-1.4944387674331665	0.5000000596046448	0.5000000596046448	1.0	9	0.0	0	0.0	0	0.9111915826797485	-0.13705956935882568	-0.38851606845855713	0.41198331117630005	0.30313748121261597	0.8592889308929443	9.042339321752024e-09	-0.9430388808250427	0.3326825201511383
0.6114025115966797	-0.14674799144268036	-1.3965024948120117	0.5000000596046448	0.5000000596046448	1.0	9	0.0	0	0.0	0	0.9111915826797485	-0.13705956935882568	-0.38851606845855713	0.41198331117630005	0.30313748121261597	0.8592889308929443	9.042339321752024e-09	-0.9430388808250427	0.3326825201511383
0.0	-0.746394693851471	-1.3993594646453857	0.2500000298023224	0.5000000596046448	1.0	9	0.0	0	0.0	0	0.18808279931545258	-0.5985518097877502	-0.7786915898323059	0.9821531772613525	0.11462295055389404	0.1491197943687439	0.0	-0.7928413152694702	0.6094281673431396
0.5345547795295715	-0.5180917978286743	-1.445732831954956	0.375	0.5	1.0	9	0.0	0	0.0	0	0.18808279931545258	-0.5985518097877502	-0.7786915898323059	0.9821531772613525	0.11462295055389404	0.1491197943687439	0.0	-0.7928413152694702	0.6094281673431396
0.5741197466850281	-0.638154149055481	-1.3438888788223267	0.375	0.5	1.0	9	0.0	0	0.0	0	0.18808279931545258	-0.5985518097877502	-0.7786915898323059	0.9821531772613525	0.11462295055389404	0.1491197943687439	0.0	-0.7928413152694702	0.6094281673431396
0.667402446269989	-0.15673135221004486	-1.2930221557617188	0.5000000596046448	0.5000000596046448	1.0	9	0.0	0	0.0	0	0.868815004825592	-0.11598111689090729	-0.48136165738105774	0.495137095451355	0.2035115659236908	0.844643235206604	0.0	-0.9721787571907043	0.23424045741558075
0.5345547795295715	-0.5180917978286743	-1.445732831954956	0.375	0.5	1.0	9	0.0	0	0.0	0	0.868815004825592	-0.11598111689090729	-0.48136165738105774	0.495137095451355	0.2035115659236908	0.844643235206604	0.0	-0.9721787571907043	0.23424045741558075
0.6114025115966797	-0.14674799144268036	-1.3965024948120117	0.5000000596046448	0.5000000596046448	1.0	9	0.0	0	0.0	0	0.868815004825592	-0.11598111689090729	-0.48136165738105774	0.495137095451355	0.2035115659236908	0.844643235206604	0.0	-0.9721787571907043	0.23424045741558075
0.242924302816391	0.5453281998634338	-1.5579628944396973	0.625	0.5	1.0	1	0.0	0	0.0	0	-0.5648848414421082	-0.20000648498535156	0.8005638718605042	0.8251697421073914	-0.1369180530309677	0.5480404496192932	0.0	0.9701808094978333	0.2423822283744812
0.5041674375534058	-0.13246092200279236	-1.5429608821868896	0.5000000596046448	0.5000000596046448	1.0	9	0.0	0	0.0	0	-0.5648848414421082	-0.20000648498535156	0.8005638718605042	0.8251697421073914	-0.1369180530309677	0.5480404496192932	0.0	0.9701808094978333	0.2423822283744812
0.4556434750556946	0.21137657761573792	-1.4912981986999512	0.625	0.5	0.5	9	0.5	1	0.0	0	-0.5648848414421082	-0.20000648498535156	0.8005638718605042	0.8251697421073914	-0.1369180530309677	0.5480404496192932	0.0	0.9701808094978333	0.2423822283744812
0.242924302816391	0.5453281998634338	-1.5579628944396973	0.625	0.5	1.0	1	0.0	0	0.0	0	0.009099353104829788	-0.19723457098007202	-0.9803140759468079	0.9999585747718811	0.0017947813030332327	0.008920593187212944	0.0	-0.9803547263145447	0.19724275171756744
0.0	0.2567620575428009	-1.502159595489502	0.7500000596046448	0.5000000596046448	0.5	9	0.5	1	0.0	0	0.009099353104829788	-0.19723457098007202	-0.9803140759468079	0.9999585747718811	0.0017947813030332327	0.008920593187212944	0.0	-0.9803547263145447	0.19724275171756744
0.0	0.6044797897338867	-1.5721187591552734	0.7500000596046448	0.5000000596046448	1.0	1	0.0	0	0.0	0	0.009099353104829788	-0.19723457098007202	-0.9803140759468079	0.9999585747718811	0.0017947813030332327	0.008920593187212944	0.0	-0.9803547263145447	0.19724275171756744
0.0	0.44855308532714844	-1.3340986967086792	0.7500000596046448	0.5000000596046448	0.5	9	0.5	1	0.0	0	0.1692725121974945	0.8244181871414185	0.5400754809379578	0.9855692386627197	-0.14159464836120605	-0.09275850653648376	0.0	0.5479832291603088	-0.8364893198013306
0.242924302816391	0.5453281998634338	-1.5579628944396973	0.625	0.5	1.0	1	0.0	0	0.0	0	0.1692725121974945	0.8244181871414185	0.5400754809379578	0.9855692386627197	-0.14159464836120605	-0.09275850653648376	0.0	0.5479832291603088	-0.8364893198013306
0.0	0.6044797897338867	-1.5721187591552734	0.7500000596046448	0.5000000596046448	1.0	1	0.0	0	0.0	0	0.1692725121974945	0.8244181871414185	0.5400754809379578	0.9855692386627197	-0.14159464836120605	-0.09275850653648376	0.0	0.5479832291603088	-0.8364893198013306
0.5371869802474976	0.3791377544403076	-1.3174866437911987	0.625	0.5	0.5	9	0.5	1	0.0	0	0.6964781284332275	0.27289748191833496	-0.6636604070663452	0.7175780534744263	-0.26487311720848083	0.6441459655761719	0.0	-0.92486172914505	-0.38030359148979187
0.5710266828536987	-0.13755710422992706	-1.4944387674331665	0.5000000596046448	0.5000000596046448	1.0	9	0.0	0	0.0	0	0.6964781284332275	0.27289748191833496	-0.6636604070663452	0.7175780534744263	-0.26487311720848083	0.6441459655761719	0.0	-0.92486172914505	-0.38030359148979187
0.242924302816391	0.5453281998634338	-1.5579628944396973	0.625	0.5	1.0	1	0.0	0	0.0	0	0.6964781284332275	0.27289748191833496	-0.6636604070663452	0.7175780534744263	-0.26487311720848083	0.6441459655761719	0.0	-0.92486172914505	-0.38030359148979187
0.5041674375534058	-0.13246092200279236	-1.5429608821868896	0.5000000596046448	0.5000000596046448	1.0	9	0.0	0	0.0	0	0.7421490550041199	0.20081403851509094	-0.6394439339637756	0.6702348589897156	-0.2223607748746872	0.7080543637275696	0.0	-0.9540594220161438	-0.29961737990379333
0.37959736585617065	0.09079290181398392	-1.6174272298812866	0.625	0.5	0.5	9	0.5	1	0.0	0	0.7421490550041199	0.20081403851509094	-0.6394439339637756	0.6702348589897156	-0.2223607748746872	0.7080543637275696	0.0	-0.9540594220161438	-0.29961737990379333
0.4556434750556946	0.21137657761573792	-1.4912981986999512	0.625	0.5	0.5	9	0.5	1	0.0	0	0.7421490550041199	0.20081403851509094	-0.6394439339637756	0.6702348589897156	-0.2223607748746872	0.7080543637275696	0.0	-0.9540594220161438	-0.29961737990379333
0.0	0.2567620575428009	-1.502159595489502	0.7500000596046448	0.5000000596046448	0.5	9	0.5	1	0.0	0	0.062195584177970886	0.6613779664039612	-0.7474697232246399	0.9980639815330505	-0.041214581578969955	0.04657949507236481	0.0	-0.748919665813446	-0.6626608967781067
0.37959736585617065	0.09079290181398392	-1.6174272298812866	0.625	0.5	0.5	9	0.5	1	0.0	0	0.062195584177970886	0.6613779664039612	-0.7474697232246399	0.9980639815330505	-0.041214581578969955	0.04657949507236481	0.0	-0.748919665813446	-0.6626608967781067
0.0	0.11889060586690903	-1.624151349067688	0.7500000596046448	0.5000000596046448	0.5	9	0.5	1	0.0	0	0.062195584177970886	0.6613779664039612	-0.7474697232246399	0.9980639815330505	-0.041214581578969955	0.04657949507236481	0.0	-0.748919665813446	-0.6626608967781067
0.5077845454216003	-0.5611428022384644	-1.5007357597351074	0.375	0.5	1.0	9	0.0	0	0.0	0	0.10677648335695267	-0.36591583490371704	-0.9245023131370544	0.9942830204963684	0.039295852184295654	0.09928267449140549	0.0	-0.9298179745674133	0.36801978945732117
0.0	-0.5154069066047668	-1.5774850845336914	0.2500000298023224	0.5000000596046448	1.0	9	0.0	0	0.0	0	0.10677648335695267	-0.36591583490371704	-0.9245023131370544	0.9942830204963684	0.039295852184295654	0.09928267449140549	0.0	-0.9298179745674133	0.36801978945732117
0.4556434750556946	-0.45746713876724243	-1.5477924346923828	0.375	0.5	1.0	9	0.0	0	0.0	0	0.10677648335695267	-0.36591583490371704	-0.9245023131370544	0.9942830204963684	0.039295852184295654	0.09928267449140549	0.0	-0.9298179745674133	0.36801978945732117
0.5710266828536987	-0.13755710422992706	-1.4944387674331665	0.5000000596046448	0.5000000596046448	1.0	9	0.0	0	0.0	0	0.5819665789604187	-0.07485063374042511	-0.8097606301307678	0.8132126927375793	0.05356601998209953	0.5794961452484131	0.0	-0.9957550764083862	0.09204311668872833
0.4556434750556946	-0.45746713876724243	-1.5477924346923828	0.375	0.5	1.0	9	0.0	0	0.0	0	0.5819665789604187	-0.07485063374042511	-0.8097606301307678	0.8132126927375793	0.05356601998209953	0.5794961452484131	0.0	-0.9957550764083862	0.09204311668872833
0.5041674375534058	-0.13246092200279236	-1.5429608821868896	0.5000000596046448	0.5000000596046448	1.0	9	0.0	0	0.0	0	0.5819665789604187	-0.07485063374042511	-0.8097606301307678	0.8132126927375793	0.05356601998209953	0.5794961452484131	0.0	-0.9957550764083862	0.09204311668872833
0.40963807702064514	-0.12207349389791489	-1.6494110822677612	0.5000000596046448	0.5000000596046448	1.0	9	0.0	0	0.0	0	0.6356334090232849	0.20166988670825958	-0.7451841235160828	0.7719910740852356	-0.16604872047901154	0.6135614514350891	0.0	-0.9652756452560425	-0.26123344898223877
0.3369767963886261	0.042253755033016205	-1.6669182777404785	0.625	0.5	0.5	9	0.5	1	0.0	0	0.6356334090232849	0.20166988670825958	-0.7451841235160828	0.7719910740852356	-0.16604872047901154	0.6135614514350891	0.0	-0.9652756452560425	-0.26123344898223877
0.37959736585617065	0.09079290181398392	-1.6174272298812866	0.625	0.5	0.5	9	0.5	1	0.0	0	0.6356334090232849	0.20166988670825958	-0.7451841235160828	0.7719910740852356	-0.16604872047901154	0.6135614514350891	0.0	-0.9652756452560425	-0.26123344898223877
0.0	0.11889060586690903	-1.624151349067688	0.7500000596046448	0.5000000596046448	0.5	9	0.5	1	0.0	0	0.052291709929704666	0.6520295739173889	-0.7563881278038025	0.9986318945884705	-0.03414245694875717	0.03960702195763588	0.0	-0.7574244141578674	-0.6529229283332825
0.3369767963886261	0.042253755033016205	-1.6669182777404785	0.625	0.5	0.5	9	0.5	1	0.0	0	0.052291709929704666	0.6520295739173889	-0.7563881278038025	0.9986318945884705	-0.03414245694875717	0.03960702195763588	0.0	-0.7574244141578674	-0.6529229283332825
0.0	0.06340644508600235	-1.671980381011963	0.7500000596046448	0.5000000596046448	0.5	9	0.5	1	0.0	0	0.052291709929704666	0.6520295739173889	-0.7563881278038025	0.9986318945884705	-0.03414245694875717	0.03960702195763588	0.0	-0.7574244141578674	-0.6529229283332825
0.5041674375534058	-0.13246092200279236	-1.5429608821868896	0.5000000596046448	0.5000000596046448	1.0	9	0.0	0	0.0	0	0.7390660643577576	-0.10044138133525848	-0.6661027669906616	0.6736329197883606	0.11019771546125412	0.7308043837547302	0.0	-0.9888215065002441	0.1491040140390396
0.37959736585617065	-0.3232816457748413	-1.6524022817611694	0.375	0.5	1.0	9	0.0	0	0.0	0	0.7390660643577576	-0.10044138133525848	-0.6661027669906616	0.6736329197883606	0.11019771546125412	0.7308043837547302	0.0	-0.9888215065002441	0.1491040140390396
0.40963807702064514	-0.12207349389791489	-1.6494110822677612	0.5000000596046448	0.5000000596046448	1.0	9	0.0	0	0.0	0	0.7390660643577576	-0.10044138133525848	-0.6661027669906616	0.6736329197883606	0.11019771546125412	0.7308043837547302	0.0	-0.9888215065002441	0.1491040140390396
0.0	-0.5154069066047668	-1.5774850845336914	0.2500000298023224	0.5000000596046448	1.0	9	0.0	0	0.0	0	0.12499188631772995	-0.5649833083152771	-0.8155801296234131	0.9921576976776123	0.07117651402950287	0.10274665802717209	0.0	-0.8220266103744507	0.5694490075111389
0.37959736585617065	-0.3232816457748413	-1.6524022817611694	0.375	0.5	1.0	9	0.0	0	0.0	0	0.12499188631772995	-0.5649833083152771	-0.8155801296234131	0.9921576976776123	0.07117651402950287	0.10274665802717209	0.0	-0.8220266103744507	0.5694490075111389
0.4556434750556946	-0.45746713876724243	-1.5477924346923828	0.375	0.5	1.0	9	0.0	0	0.0	0	0.12499188631772995	-0.5649833083152771	-0.8155801296234131	0.9921576976776123	0.07117651402950287	0.10274665802717209	0.0	-0.8220266103744507	0.5694490075111389
0.0	-0.12238603830337524	-1.7092015743255615	0.5000000596046448	0.3750000596046448	1.0	9	0.0	0	0.0	0	0.04806305840611458	0.1550438553094864	-0.9867377877235413	-0.13821768760681152	0.9794079661369324	0.14715968072414398	0.9892349243164062	0.129311665892601	0.06850313395261765
0.3369767963886261	0.042253755033016205	-1.6669182777404785	0.625	0.5	0.5	9	0.5	1	0.0	0	0.04806305840611458	0.1550438553094864	-0.9867377877235413	-0.13821770250797272	0.9794079661369324	0.14715968072414398	0.9892350435256958	0.1293116956949234	0.06850314885377884
0.3595922589302063	-0.11799769848585129	-1.6909966468811035	0.5000000596046448	0.5000000596046448	1.0	9	0.0	0	0.0	0	0.04806305840611458	0.1550438553094864	-0.9867377877235413	-0.13821770250797272	0.9794079661369324	0.14715968072414398	0.9892349243164062	0.1293116807937622	0.06850314140319824
0.0	-0.12238603830337524	-1.7092015743255615	0.5000000596046448	0.3750000596046448	1.0	9	0.0	0	0.0	0	0.042000461369752884	-0.012133213691413403	-0.9990439414978027	2.1159962670935784e-11	0.9999262690544128	-0.012143928557634354	0.9991176128387451	0.0005100506241433322	0.04199736565351486
0.3369767963886261	-0.26947250962257385	-1.6932485103607178	0.375	0.5	1.0	9	0.0	0	0.0	0	0.042000461369752884	-0.012133213691413403	-0.9990439414978027	-1.795186221897893e-11	0.9999262690544128	-0.012143928557634354	0.9991176128387451	0.0005100506241433322	0.04199736565351486
0.0	-0.2964763343334198	-1.7070872783660889	0.3750000298023224	0.3750000596046448	1.0	9	0.0	0	0.0	0	0.042000461369752884	-0.012133213691413403	-0.9990439414978027	6.02717944997444e-11	0.9999263286590576	-0.012143930420279503	0.9991176724433899	0.0005100506241433322	0.04199736565351486
0.0	-0.35915154218673706	-1.6707847118377686	0.2500000298023224	0.5000000596046448	1.0	9	0.0	0	0.0	0	0.09245006740093231	-0.5545458197593689	-0.8270018696784973	0.9957172870635986	0.05148829519748688	0.07678520679473877	0.0	-0.8305588364601135	0.5569309592247009
0.3369767963886261	-0.26947250962257385	-1.6932485103607178	0.375	0.5	1.0	9	0.0	0	0.0	0	0.09245006740093231	-0.5545458197593689	-0.8270018696784973	0.9957172870635986	0.05148829519748688	0.07678520679473877	0.0	-0.8305588364601135	0.5569309592247009
0.37959736585617065	-0.3232816457748413	-1.6524022817611694	0.375	0.5	1.0	9	0.0	0	0.0	0	0.09245006740093231	-0.5545458197593689	-0.8270018696784973	0.9957172870635986	0.05148829519748688	0.07678520679473877	0.0	-0.8305588364601135	0.5569309592247009
0.40963807702064514	-0.12207349389791489	-1.6494110822677612	0.5000000596046448	0.5000000596046448	1.0	9	0.0	0	0.0	0	0.6328845620155334	-0.08304707705974579	-0.7697793841362	0.7742462158203125	0.06788437068462372	0.6292333006858826	0.0	-0.9942308068275452	0.10726185142993927
0.3369767963886261	-0.26947250962257385	-1.6932485103607178	0.375	0.5	1.0	9	0.0	0	0.0	0	0.6328845620155334	-0.08304707705974579	-0.7697793841362	0.7742462158203125	0.06788437068462372	0.6292333006858826	0.0	-0.9942308068275452	0.10726185142993927
0.3595922589302063	-0.11799769848585129	-1.6909966468811035	0.5000000596046448	0.5000000596046448	1.0	9	0.0	0	0.0	0	0.6328845620155334	-0.08304707705974579	-0.7697793841362	0.7742462158203125	0.06788437068462372	0.6292333006858826	0.0	-0.9942308068275452	0.10726185142993927
0.0	-0.9308619499206543	1.2157225608825684	0.2500000298023224	0.7500000596046448	1.0	2	0.0	0	0.0	0	0.30460360646247864	-0.6961286664009094	-0.6500934362411499	0.9524791240692139	0.22262248396873474	0.20790037512779236	0.0	-0.6825277209281921	0.730859637260437
0.5040148496627808	-0.686820924282074	1.1905580759048462	0.375	0.75	1.0	2	0.0	0	0.0	0	0.30460360646247864	-0.6961286664009094	-0.6500934362411499	0.9524791240692139	0.22262248396873474	0.20790037512779236	0.0	-0.6825277209281921	0.730859637260437
0.0	-0.9414708614349365	1.2270827293395996	0.2500000298023224	0.7500000596046448	0.5	3	0.5	2	0.0	0	0.30460360646247864	-0.6961286664009094	-0.6500934362411499	0.9524791240692139	0.22262248396873474	0.20790037512779236	0.0	-0.6825277209281921	0.730859637260437
0.5846540927886963	0.061091676354408264	1.5145560503005981	0.5000000596046448	0.75	0.5	5	0.5	2	0.0	0	0.9072045087814331	0.3098457455635071	0.28456228971481323	0.42069029808044434	-0.668172299861908	-0.613649308681488	0.0	0.6764180064201355	-0.7365179061889648
0.4642479121685028	0.44756126403808594	1.477611780166626	0.625	0.75	1.0	5	0.0	0	0.0	0	0.9072045087814331	0.3098457455635071	0.28456228971481323	0.42069029808044434	-0.668172299861908	-0.613649308681488	0.0	0.6764180064201355	-0.7365179061889648
0.5385032892227173	-0.014212265610694885	1.7436827421188354	0.5000000596046448	0.75	1.0	5	0.0	0	0.0	0	0.9072045087814331	0.3098457455635071	0.28456228971481323	0.42069029808044434	-0.668172299861908	-0.613649308681488	0.0	0.6764180064201355	-0.7365179061889648
0.47126200795173645	-0.6805286407470703	0.6847206354141235	0.375	0.75	0.5	2	0.5	0	0.0	0	0.47425922751426697	-0.8803656697273254	0.005867210682481527	0.8803852796554565	0.4742486774921417	-0.003160637803375721	0.0	0.006664367392659187	0.9999777674674988
0.0	-0.9308619499206543	1.2157225608825684	0.2500000298023224	0.7500000596046448	1.0	2	0.0	0	0.0	0	0.47425922751426697	-0.8803656697273254	0.005867210682481527	0.8803852796554565	0.4742486774921417	-0.003160637803375721	0.0	0.006664367392659187	0.9999777674674988
0.0	-0.934531569480896	0.665101945400238	0.2500000298023224	0.7500000596046448	0.5	2	0.5	0	0.0	0	0.47425922751426697	-0.8803656697273254	0.005867210682481527	0.8803852796554565	0.4742486774921417	-0.003160637803375721	0.0	0.006664367392659187	0.9999777674674988
0.5665269494056702	-0.2337617576122284	0.8671264052391052	0.5000000596046448	0.75	0.3333333333333333	5	0.3333333333333333	2	0.3333333333333333	0	0.9806289672851562	-0.19050586223602295	-0.04554598778486252	0.19587442278862	0.9537500739097595	0.22802181541919708	-4.754684201913051e-09	-0.23252607882022858	0.9725902080535889
0.4964332580566406	-0.671309232711792	1.1881086826324463	0.375	0.75	1.0	2	0.0	0	0.0	0	0.9806289672851562	-0.19050586223602295	-0.04554598778486252	0.19587442278862	0.9537500739097595	0.22802181541919708	-4.754684201913051e-09	-0.23252607882022858	0.9725902080535889
0.47126200795173645	-0.6805286407470703	0.6847206354141235	0.375	0.75	0.5	2	0.5	0	0.0	0	0.9806289672851562	-0.19050586223602295	-0.04554598778486252	0.19587442278862	0.9537500739097595	0.22802181541919708	-4.754684201913051e-09	-0.23252607882022858	0.9725902080535889
0.0	0.506798267364502	1.511005163192749	0.7500000596046448	0.7500000596046448	1.0	5	0.0	0	0.0	0	0.11613400280475616	0.9844510555267334	-0.13179156184196472	0.9932335615158081	-0.11510711163282394	0.015409751795232296	9.376672771566064e-10	-0.13268940150737762	-0.9911577105522156
0.46468839049339294	0.4756944179534912	1.688147783279419	0.625	0.75	1.0	5	0.0	0	0.0	0	0.11613400280475616	0.9844510555267334	-0.13179156184196472	0.9932335615158081	-0.11510711163282394	0.015409751795232296	9.376672771566064e-10	-0.13268940150737762	-0.9911577105522156
0.4642479121685028	0.44756126403808594	1.477611780166626	0.625	0.75	1.0	5	0.0	0	0.0	0	0.11613400280475616	0.9844510555267334	-0.13179156184196472	0.9932335615158081	-0.11510711163282394	0.015409751795232296	9.376672771566064e-10	-0.13268940150737762	-0.9911577105522156
0.0	0.029115527868270874	1.4969627857208252	0.5000000596046448	0.8750000596046448	1.0	5	0.0	0	0.0	0	-0.027344025671482086	-0.9930229187011719	-0.11470755934715271	0.999626100063324	-0.027163401246070862	-0.003137739608064294	0.0	-0.1147504523396492	0.9933943152427673
0.5385032892227173	-0.014212265610694885	1.7436827421188354	0.5000000596046448	0.75	1.0	5	0.0	0	0.0	0	-0.027344025671482086	-0.9930229187011719	-0.11470755934715271	0.999626100063324	-0.027163401246070862	-0.003137739608064294	0.0	-0.1147504523396492	0.9933943152427673
0.0	0.007023409008979797	1.6882141828536987	0.5000000596046448	0.8750000596046448	1.0	5	0.0	0	0.0	0	-0.027344025671482086	-0.9930229187011719	-0.11470755934715271	0.999626100063324	-0.027163401246070862	-0.003137739608064294	0.0	-0.1147504523396492	0.9933943152427673
0.0	0.48384445905685425	1.3518025875091553	0.7500000596046448	0.7500000596046448	1.0	5	0.0	0	0.0	0	0.12549859285354614	0.9752886891365051	-0.18182986974716187	0.9920938611030579	-0.12337277084589005	0.02300124615430832	0.0	-0.1832789033651352	-0.9830609560012817
0.4642479121685028	0.44756126403808594	1.477611780166626	0.625	0.75	1.0	5	0.0	0	0.0	0	0.12549859285354614	0.9752886891365051	-0.18182986974716187	0.9920938611030579	-0.12337277084589005	0.02300124615430832	0.0	-0.1832789033651352	-0.9830609560012817
0.4990653991699219	0.4120835065841675	1.3113491535186768	0.625	0.75	1.0	5	0.0	0	0.0	0	0.12549859285354614	0.9752886891365051	-0.18182986974716187	0.9920938611030579	-0.12337277084589005	0.02300124615430832	0.0	-0.1832789033651352	-0.9830609560012817
0.46468839049339294	0.4756944179534912	1.688147783279419	0.625	0.75	1.0	5	0.0	0	0.0	0	-0.9867277145385742	-0.15735028684139252	-0.04011692851781845	0.16238348186016083	-0.9561418294906616	-0.24377122521400452	0.0	-0.24705015122890472	0.9690026640892029
0.4601321816444397	0.43612140417099	1.955430507659912	0.625	0.75	1.0	5	0.0	0	0.0	0	-0.9867277145385742	-0.15735028684139252	-0.04011692851781845	0.16238348186016083	-0.9561418294906616	-0.24377122521400452	0.0	-0.24705015122890472	0.9690026640892029
0.45997539162635803	0.4370107352733612	1.9557987451553345	0.625	0.75	1.0	7	0.0	0	0.0	0	-0.9867277145385742	-0.15735028684139252	-0.04011692851781845	0.16238348186016083	-0.9561418294906616	-0.24377122521400452	0.0	-0.24705015122890472	0.9690026640892029
0.5385032892227173	-0.014212265610694885	1.7436827421188354	0.5000000596046448	0.75	1.0	5	0.0	0	0.0	0	0.9481485486030579	-0.28643083572387695	0.13773775100708008	0.3178275227546692	0.8544855117797852	-0.4109016954898834	1.1721108528206514e-08	0.43337270617485046	0.9012147784233093
0.4690154194831848	0.12414436787366867	2.5097358226776123	0.5000000596046448	0.75	1.0	7	0.0	0	0.0	0	0.9481485486030579	-0.28643083572387695	0.13773775100708008	0.3178275227546692	0.8544855117797852	-0.4109016954898834	1.1721108528206514e-08	0.43337270617485046	0.9012147784233093
0.3707059919834137	-0.5032159090042114	1.8818514347076416	0.5000000596046448	0.75	1.0	5	0.0	0	0.0	0	0.9481485486030579	-0.28643083572387695	0.13773775100708008	0.3178275227546692	0.8544855117797852	-0.4109016954898834	1.1721108528206514e-08	0.43337270617485046	0.9012147784233093
0.4642479121685028	0.44756126403808594	1.477611780166626	0.625	0.75	1.0	5	0.0	0	0.0	0	0.9822226762771606	0.054429519921541214	-0.17965583503246307	0.18772035837173462	-0.28479596972465515	0.9400277733802795	-4.961233202038784e-09	-0.9570415616035461	-0.28995054960250854
0.5372286438941956	0.16268281638622284	1.7903070449829102	0.5000000596046448	0.75	0.5	7	0.5	5	0.0	0	0.9822226762771606	0.054429519921541214	-0.17965583503246307	0.18772035837173462	-0.28479596972465515	0.9400277733802795	-4.961233202038784e-09	-0.9570415616035461	-0.28995054960250854
