2529	864	9
0.006883434485644102	0.0	-1.0	0.5034416913986206	1.0	1.0	2	0.0	0	0.0	0	0.0	-1.0	0.0	1.0	0.0	0.0	0.0	0.0	1.0
1.0	0.0	1.0	1.0	0.0	1.0	2	0.0	0	0.0	0	0.0	-1.0	0.0	1.0	0.0	0.0	0.0	0.0	1.0
0.006883434485644102	0.0	1.0	0.5034417510032654	0.0	1.0	2	0.0	0	0.0	0	0.0	-1.0	0.0	1.0	0.0	0.0	0.0	0.0	1.0
0.03102051094174385	0.0006427134503610432	1.844600796699524	0.5034416913986206	0.0	1.0	2	0.0	0	0.0	0	0.0	-0.9999998807907104	0.0005435618222691119	1.0	0.0	0.0	0.0	0.0005435618222691119	0.9999998807907104
-0.3423847556114197	0.0008997393888421357	2.317455768585205	0.0	0.0	1.0	2	0.0	0	0.0	0	0.0	-0.9999998807907104	0.0005435618222691119	1.0	0.0	0.0	0.0	0.0005435618222691119	0.9999998807907104
-0.555243968963623	0.0006427134503610432	1.844600796699524	0.0	0.0	1.0	2	0.0	0	0.0	0	0.0	-0.9999998807907104	0.0005435618222691119	1.0	0.0	0.0	0.0	0.0005435618222691119	0.9999998807907104
0.03799004852771759	0.0008997393888421357	2.317455768585205	0.5034416913986206	0.0	1.0	2	0.0	0	0.0	0	0.0	-0.9898954629898071	-0.14179933071136475	1.0	0.0	0.0	0.0	-0.14179933071136475	0.9898954629898071
-0.0720072016119957	-0.0610867477953434	2.750180959701538	0.0	0.0	1.0	2	0.0	0	0.0	0	0.0	-0.9898954629898071	-0.14179933071136475	1.0	0.0	0.0	0.0	-0.14179933071136475	0.9898954629898071
-0.3423847556114197	0.0008997393888421357	2.317455768585205	0.0	0.0	1.0	2	0.0	0	0.0	0	0.0	-0.9898954629898071	-0.14179933071136475	1.0	0.0	0.0	0.0	-0.14179933071136475	0.9898954629898071
0.006883434485644102	0.0	1.0	0.5034417510032654	0.0	1.0	2	0.0	0	0.0	0	0.0	-0.9999997019767761	0.0007609669701196253	1.0	0.0	0.0	0.0	0.0007609669701196253	0.9999997019767761
-0.555243968963623	0.0006427134503610432	1.844600796699524	0.0	0.0	1.0	2	0.0	0	0.0	0	0.0	-0.9999997019767761	0.0007609669701196253	1.0	0.0	0.0	0.0	0.0007609669701196253	0.9999997019767761
-1.0	0.0	1.0	0.0	0.0	1.0	2	0.0	0	0.0	0	0.0	-0.9999997019767761	0.0007609669701196253	1.0	0.0	0.0	0.0	0.0007609669701196253	0.9999997019767761
0.006883434485644102	0.0	-1.0	0.5034416913986206	1.0	1.0	2	0.0	0	0.0	0	0.0	-0.9779060482978821	0.20904482901096344	1.0	0.0	0.0	0.0	0.20904482901096344	0.9779060482978821
0.6354243159294128	-0.16843661665916443	-1.7879419326782227	1.0	1.0	0.5	4	0.5	2	0.0	0	0.0	-0.9779060482978821	0.20904482901096344	1.0	0.0	0.0	0.0	0.20904482901096344	0.9779060482978821
1.0	0.0	-1.0	1.0	1.0	1.0	2	0.0	0	0.0	0	0.0	-0.9779060482978821	0.20904482901096344	1.0	0.0	0.0	0.0	0.20904482901096344	0.9779060482978821
-0.00024622678756713867	-0.16843661665916443	-1.7879419326782227	0.5034416913986206	1.0	0.5	4	0.5	2	0.0	0	0.0	-0.9999989867210388	0.0014767337124794722	1.0	0.0	0.0	0.0	0.0014767337124794722	0.9999989867210388
0.4580335021018982	-0.16912218928337097	-2.2521908283233643	1.0	1.0	0.5	4	0.5	2	0.0	0	0.0	-0.9999989867210388	0.0014767337124794722	1.0	0.0	0.0	0.0	0.0014767337124794722	0.9999989867210388
0.6354243159294128	-0.16843661665916443	-1.7879419326782227	1.0	1.0	0.5	4	0.5	2	0.0	0	0.0	-0.9999989867210388	0.0014767337124794722	1.0	0.0	0.0	0.0	0.0014767337124794722	0.9999989867210388
-0.06596744060516357	-0.4299340546131134	-2.2832767963409424	0.5034416913986206	1.0	0.5	4	0.5	2	0.0	0	0.34686627984046936	-0.7620620131492615	0.5467588901519775	0.9379145503044128	0.28183120489120483	-0.20220626890659332	0.0	0.5829516649246216	0.8125067949295044
0.032580696046352386	-0.6790995597839355	-2.6930782794952393	1.0	1.0	1.0	4	0.0	0	0.0	0	0.34686627984046936	-0.7620620131492615	0.5467588901519775	0.9379145503044128	0.28183120489120483	-0.20220626890659332	0.0	0.5829516649246216	0.8125067949295044
0.4580335021018982	-0.16912218928337097	-2.2521908283233643	1.0	1.0	0.5	4	0.5	2	0.0	0	0.34686627984046936	-0.7620620131492615	0.5467588901519775	0.9379145503044128	0.28183120489120483	-0.20220626890659332	0.0	0.5829516649246216	0.8125067949295044
-0.1733657717704773	-0.6790995597839355	-2.6930782794952393	0.0	1.0	1.0	4	0.0	0	0.0	0	0.0	-0.8544567823410034	0.5195226669311523	1.0	0.0	0.0	0.0	0.5195226669311523	0.8544567823410034
-0.06596744060516357	-0.4299340546131134	-2.2832767963409424	0.5034416913986206	1.0	0.5	4	0.5	2	0.0	0	0.0	-0.8544567823410034	0.5195226669311523	1.0	0.0	0.0	0.0	0.5195226669311523	0.8544567823410034
-0.509702205657959	-0.4299340546131134	-2.2832767963409424	0.0	1.0	1.0	4	0.0	0	0.0	0	0.0	-0.8544567823410034	0.5195226669311523	1.0	0.0	0.0	0.0	0.5195226669311523	0.8544567823410034
-0.509702205657959	-0.4299340546131134	-2.2832767963409424	0.0	1.0	1.0	4	0.0	0	0.0	0	0.0	-0.8843327164649963	0.4668574035167694	1.0	0.0	0.0	0.0	0.4668574035167694	0.8843327164649963
-0.00024622678756713867	-0.16843661665916443	-1.7879419326782227	0.5034416913986206	1.0	0.5	4	0.5	2	0.0	0	0.0	-0.8843327164649963	0.4668574035167694	1.0	0.0	0.0	0.0	0.4668574035167694	0.8843327164649963
-0.6447286009788513	-0.16843661665916443	-1.7879419326782227	0.0	1.0	0.5	4	0.5	2	0.0	0	0.0	-0.8843327164649963	0.4668574035167694	1.0	0.0	0.0	0.0	0.4668574035167694	0.8843327164649963
-0.6447286009788513	-0.16843661665916443	-1.7879419326782227	0.0	1.0	0.5	4	0.5	2	0.0	0	0.0	-0.9779060482978821	0.20904482901096344	1.0	0.0	0.0	0.0	0.20904482901096344	0.9779060482978821
-1.0	0.0	-1.0	0.0	1.0	1.0	2	0.0	0	0.0	0	0.0	-0.9779060482978821	0.20904482901096344	1.0	0.0	0.0	0.0	0.20904482901096344	0.9779060482978821
0.6092691421508789	0.0006427134503610432	1.844600796699524	1.0	0.0	1.0	2	0.0	0	0.0	0	0.0	-0.9999997019767761	0.0007609669701196253	1.0	0.0	0.0	0.0	0.0007609669701196253	0.9999997019767761
1.0	0.0	1.0	1.0	0.0	1.0	2	0.0	0	0.0	0	0.0	-0.9999997019767761	0.0007609669701196253	1.0	0.0	0.0	0.0	0.0007609669701196253	0.9999997019767761
0.13858556747436523	-0.0610867477953434	2.750180959701538	1.0	0.0	1.0	2	0.0	0	0.0	0	0.0	-0.9898954629898071	-0.14179933071136475	1.0	0.0	0.0	0.0	-0.14179933071136475	0.9898954629898071
0.41316407918930054	0.0008997393888421357	2.317455768585205	1.0	0.0	1.0	2	0.0	0	0.0	0	0.0	-0.9898954629898071	-0.14179933071136475	1.0	0.0	0.0	0.0	-0.14179933071136475	0.9898954629898071
0.41316407918930054	0.0008997393888421357	2.317455768585205	1.0	0.0	1.0	2	0.0	0	0.0	0	0.0	-0.9999998807907104	0.0005435618222691119	1.0	0.0	0.0	0.0	0.0005435618222691119	0.9999998807907104
0.6092691421508789	0.0006427134503610432	1.844600796699524	1.0	0.0	1.0	2	0.0	0	0.0	0	0.0	-0.9999998807907104	0.0005435618222691119	1.0	0.0	0.0	0.0	0.0005435618222691119	0.9999998807907104
-1.0	0.0	-1.0	0.0	1.0	1.0	2	0.0	0	0.0	0	0.0	-1.0	0.0	1.0	0.0	0.0	0.0	0.0	1.0
-1.0	0.0	1.0	0.0	0.0	1.0	2	0.0	0	0.0	0	0.0	-1.0	0.0	1.0	0.0	0.0	0.0	0.0	1.0
-0.10135422646999359	0.04551062732934952	1.034523606300354	0.47325754165649414	0.0	1.0	2	0.0	0	0.0	0	0.25847700238227844	0.9659832715988159	-0.008122080005705357	0.9660174250602722	-0.2584678828716278	0.002173222601413727	0.0	-0.008407799527049065	-0.999964714050293
-0.555243968963623	0.1737729161977768	1.8445584774017334	0.0	0.0	1.0	2	0.0	0	0.0	0	0.25847700238227844	0.9659832715988159	-0.008122080005705357	0.9660174250602722	-0.2584678828716278	0.002173222601413727	0.0	-0.008407799527049065	-0.999964714050293
-0.07721646130084991	0.046153344213962555	1.879124402999878	0.4516022503376007	0.0	1.0	2	0.0	0	0.0	0	0.25847700238227844	0.9659832715988159	-0.008122080005705357	0.9660174250602722	-0.2584678828716278	0.002173222601413727	0.0	-0.008407799527049065	-0.999964714050293
-0.10848753899335861	-0.12292598932981491	-1.7534183263778687	0.4562816619873047	1.0	1.0	4	0.0	0	0.0	0	0.2364167869091034	0.8843910694122314	-0.40244197845458984	0.9716517329216003	-0.2151850163936615	0.09791989624500275	0.0	-0.4141833782196045	-0.9101935029029846
-0.509702205657959	-0.25680387020111084	-2.2833189964294434	0.0	1.0	1.0	4	0.0	0	0.0	0	0.2364167869091034	0.8843910694122314	-0.40244197845458984	0.9716517329216003	-0.2151850163936615	0.09791989624500275	0.0	-0.4141833782196045	-0.9101935029029846
-0.6447286009788513	0.004693582653999329	-1.7879842519760132	0.0	1.0	0.5	4	0.5	2	0.0	0	0.2364167869091034	0.8843910694122314	-0.40244197845458984	0.9716517329216003	-0.2151850163936615	0.09791989624500275	0.0	-0.4141833782196045	-0.9101935029029846
0.039007287472486496	0.1740659475326538	2.3777542114257812	0.5034416913986206	0.0	1.0	2	0.0	0	0.0	0	0.0	0.9864118695259094	0.16429178416728973	1.0	0.0	0.0	0.0	0.16429178416728973	-0.9864118695259094
0.034013982862234116	0.11204345524311066	2.750138759613037	0.5034416913986206	0.0	1.0	2	0.0	0	0.0	0	0.0	0.9864118695259094	0.16429178416728973	1.0	0.0	0.0	0.0	0.16429178416728973	-0.9864118695259094
0.13858556747436523	0.11204345524311066	2.750138759613037	1.0	0.0	1.0	2	0.0	0	0.0	0	0.0	0.9864118695259094	0.16429178416728973	1.0	0.0	0.0	0.0	0.16429178416728973	-0.9864118695259094
-0.10135547816753387	0.04551062732934952	-0.9654764533042908	0.473256915807724	1.0	0.5	4	0.5	2	0.0	0	0.14456596970558167	0.9789484739303589	-0.14408500492572784	0.9894951581954956	-0.14302511513233185	0.02105092816054821	1.8824195535671606e-09	-0.14561468362808228	-0.9893413782119751
-0.6447286009788513	0.004693582653999329	-1.7879842519760132	0.0	1.0	0.5	4	0.5	2	0.0	0	0.14456596970558167	0.9789484739303589	-0.14408500492572784	0.9894951581954956	-0.14302511513233185	0.02105092816054821	1.8824195535671606e-09	-0.14561468362808228	-0.9893413782119751
-1.0	0.17313019931316376	-1.0000423192977905	0.0	1.0	0.5	4	0.5	2	0.0	0	0.14456596970558167	0.9789484739303589	-0.14408500492572784	0.9894951581954956	-0.14302511513233185	0.02105092816054821	1.8824195535671606e-09	-0.14561468362808228	-0.9893413782119751
0.043519001454114914	0.046153344213962555	1.879124402999878	0.5552811622619629	0.0	1.0	2	0.0	0	0.0	0	-0.2245207130908966	0.9699596166610718	-0.09364167600870132	0.9744693040847778	0.2234816700220108	-0.021575327962636948	1.9114456684121706e-09	-0.09609504789113998	-0.9953721761703491
0.41316407918930054	0.17402993142604828	2.317413568496704	1.0	0.0	1.0	2	0.0	0	0.0	0	-0.2245207130908966	0.9699596166610718	-0.09364167600870132	0.9744693040847778	0.2234816700220108	-0.021575327962636948	1.9114456684121706e-09	-0.09609504789113998	-0.9953721761703491
0.6092691421508789	0.1737729161977768	1.8445584774017334	1.0	0.0	1.0	2	0.0	0	0.0	0	-0.2245207130908966	0.9699596166610718	-0.09364167600870132	0.9744693040847778	0.2234816700220108	-0.021575327962636948	1.9114456684121706e-09	-0.09609504789113998	-0.9953721761703491
-0.06341410428285599	-0.2568928897380829	-2.343614101409912	0.5034416913986206	1.0	1.0	4	0.0	0	0.0	0	0.0	0.8143622875213623	-0.580357015132904	1.0	0.0	0.0	0.0	-0.580357015132904	-0.8143622875213623
-0.06968372315168381	-0.5059693455696106	-2.6931204795837402	0.5034416913986206	1.0	1.0	4	0.0	0	0.0	0	0.0	0.8143622875213623	-0.580357015132904	1.0	0.0	0.0	0.0	-0.580357015132904	-0.8143622875213623
-0.1733657717704773	-0.5059693455696106	-2.6931204795837402	0.0	1.0	1.0	4	0.0	0	0.0	0	0.0	0.8143622875213623	-0.580357015132904	1.0	0.0	0.0	0.0	-0.580357015132904	-0.8143622875213623
-0.005593940615653992	-0.25680387020111084	-2.2833189964294434	0.5719387531280518	1.0	1.0	4	0.0	0	0.0	0	0.0	0.8544567227363586	-0.5195225477218628	1.0	0.0	0.0	0.0	-0.5195225477218628	-0.8544567227363586
0.3717002868652344	-0.25680387020111084	-2.2833189964294434	1.0	1.0	1.0	4	0.0	0	0.0	0	0.0	0.8544567227363586	-0.5195225477218628	1.0	0.0	0.0	0.0	-0.5195225477218628	-0.8544567227363586
0.032580696046352386	-0.5059693455696106	-2.6931204795837402	1.0	1.0	1.0	4	0.0	0	0.0	0	0.0	0.8544567227363586	-0.5195225477218628	1.0	0.0	0.0	0.0	-0.5195225477218628	-0.8544567227363586
0.012256616726517677	-0.12292598932981491	-1.7534183263778687	0.5506017208099365	1.0	0.5	4	0.5	2	0.0	0	0.0	0.9695356488227844	-0.24495035409927368	1.0	0.0	0.0	0.0	-0.24495035409927368	-0.9695356488227844
0.3717002868652344	-0.25680387020111084	-2.2833189964294434	1.0	1.0	1.0	4	0.0	0	0.0	0	0.0	0.9695356488227844	-0.24495035409927368	1.0	0.0	0.0	0.0	-0.24495035409927368	-0.9695356488227844
-0.005593940615653992	-0.25680387020111084	-2.2833189964294434	0.5719387531280518	1.0	1.0	4	0.0	0	0.0	0	0.0	0.9695356488227844	-0.24495035409927368	1.0	0.0	0.0	0.0	-0.24495035409927368	-0.9695356488227844
0.019383858889341354	0.04551062732934952	-0.9654764533042908	0.5336264967918396	1.0	0.5	4	0.5	2	0.0	0	-0.20724144577980042	0.9570571184158325	-0.20271341502666473	0.9782898426055908	0.2027435153722763	-0.042942918837070465	3.807961945767602e-09	-0.20721203088760376	-0.978296160697937
0.6354243159294128	0.004693582653999329	-1.7879842519760132	1.0	1.0	0.5	4	0.5	2	0.0	0	-0.20724144577980042	0.9570571184158325	-0.20271341502666473	0.9782898426055908	0.2027435153722763	-0.042942918837070465	3.807961945767602e-09	-0.20721203088760376	-0.978296160697937
0.012256616726517677	-0.12292598932981491	-1.7534183263778687	0.5506017804145813	1.0	0.5	4	0.5	2	0.0	0	-0.20724144577980042	0.9570571184158325	-0.20271341502666473	0.9782898426055908	0.2027435153722763	-0.042942918837070465	3.807961945767602e-09	-0.20721203088760376	-0.978296160697937
-1.0	0.17313019931316376	0.9999577403068542	0.0	0.0	1.0	2	0.0	0	0.0	0	0.14060263335704803	0.9900660514831543	0.0	0.9893489480018616	-0.14050079882144928	0.0380547009408474	0.037676673382520676	-0.005350591614842415	-0.9992756843566895
-0.10135547816753387	0.04551062732934952	-0.9654764533042908	0.4732568562030792	1.0	0.5	4	0.5	2	0.0	0	0.14060263335704803	0.9900660514831543	0.0	0.9893489480018616	-0.14050079882144928	0.0380546972155571	0.03767666965723038	-0.0053505911491811275	-0.9992756843566895
-1.0	0.17313019931316376	-1.0000423192977905	0.0	1.0	0.5	4	0.5	2	0.0	0	0.14060263335704803	0.9900660514831543	0.0	0.9893490076065063	-0.14050081372261047	0.0380546972155571	0.03767666593194008	-0.00535059068351984	-0.9992756247520447
-0.07721646130084991	0.046153344213962555	1.879124402999878	0.4516022503376007	0.0	1.0	2	0.0	0	0.0	0	0.0	0.9599751234054565	-0.2800852358341217	1.0	0.0	0.0	0.0	-0.2800852358341217	-0.9599751234054565
-0.3423847556114197	0.17402993142604828	2.317413568496704	0.0	0.0	1.0	2	0.0	0	0.0	0	0.0	0.9599751234054565	-0.2800852358341217	1.0	0.0	0.0	0.0	-0.2800852358341217	-0.9599751234054565
-0.022377220913767815	0.17402993142604828	2.317413568496704	0.42354312539100647	0.0	1.0	2	0.0	0	0.0	0	0.0	0.9599751234054565	-0.2800852358341217	1.0	0.0	0.0	0.0	-0.2800852358341217	-0.9599751234054565
-0.022377220913767815	0.17402993142604828	2.317413568496704	0.42354312539100647	0.0	1.0	2	0.0	0	0.0	0	0.0	0.9898954629898071	0.14179931581020355	1.0	0.0	0.0	0.0	0.14179931581020355	-0.9898954629898071
-0.3423847556114197	0.17402993142604828	2.317413568496704	0.0	0.0	1.0	2	0.0	0	0.0	0	0.0	0.9898954629898071	0.14179931581020355	1.0	0.0	0.0	0.0	0.14179931581020355	-0.9898954629898071
-0.0720072016119957	0.11204345524311066	2.750138759613037	0.0	0.0	1.0	2	0.0	0	0.0	0	0.0	0.9898954629898071	0.14179931581020355	1.0	0.0	0.0	0.0	0.14179931581020355	-0.9898954629898071
1.0	0.17313019931316376	0.9999577403068542	1.0	0.0	1.0	2	0.0	0	0.0	0	-0.1290537714958191	0.991637647151947	-7.98066110974105e-08	0.9910323023796082	0.12897498905658722	-0.03493298217654228	-0.0346408486366272	-0.004508312325924635	-0.9993896484375
0.019383858889341354	0.04551062732934952	-0.9654764533042908	0.5336265563964844	1.0	0.5	4	0.5	2	0.0	0	-0.1290537714958191	0.991637647151947	-7.98066110974105e-08	0.9910324215888977	0.1289750039577484	-0.03493298590183258	-0.0346408486366272	-0.004508312325924635	-0.9993896484375
0.019382622092962265	0.04551062732934952	1.034523606300354	0.5336259603500366	0.0	1.0	2	0.0	0	0.0	0	-0.1290537714958191	0.991637647151947	-7.98066110974105e-08	0.9910323619842529	0.12897498905658722	-0.03493298217654228	-0.0346408486366272	-0.004508312325924635	-0.9993897080421448
0.034013982862234116	-0.0610867477953434	2.750180959701538	0.5034416913986206	0.0	1.0	2	0.0	0	0.0	0	0.0	0.00024374770873691887	1.0	1.0	0.0	0.0	0.0	1.0	-0.00024374770873691887
-0.0720072016119957	0.11204345524311066	2.750138759613037	0.0	0.0	1.0	2	0.0	0	0.0	0	0.0	0.00024374770873691887	1.0	1.0	0.0	0.0	0.0	1.0	-0.00024374770873691887
-0.0720072016119957	-0.0610867477953434	2.750180959701538	0.0	0.0	1.0	2	0.0	0	0.0	0	0.0	0.00024374770873691887	1.0	1.0	0.0	0.0	0.0	1.0	-0.00024374770873691887
-0.6447286009788513	-0.16843661665916443	-1.7879419326782227	0.0	1.0	0.5	4	0.5	2	0.0	0	-0.9648045301437378	-6.409789784811437e-05	-0.26296818256378174	0.2629680931568146	-0.00023516893270425498	-0.9648045301437378	0.0	-1.0	0.00024374773784074932
-0.509702205657959	-0.25680387020111084	-2.2833189964294434	0.0	1.0	1.0	4	0.0	0	0.0	0	-0.9648045301437378	-6.409789784811437e-05	-0.26296818256378174	0.2629680931568146	-0.00023516893270425498	-0.9648045301437378	0.0	-1.0	0.00024374773784074932
-0.509702205657959	-0.4299340546131134	-2.2832767963409424	0.0	1.0	1.0	4	0.0	0	0.0	0	-0.9648045301437378	-6.409789784811437e-05	-0.26296818256378174	0.2629680931568146	-0.00023516893270425498	-0.9648045301437378	0.0	-1.0	0.00024374773784074932
0.6092691421508789	0.0006427134503610432	1.844600796699524	1.0	0.0	1.0	2	0.0	0	0.0	0	0.9075849056243896	0.00010266112076351419	0.4198686480522156	0.41986849904060364	-0.00022191151219885796	-0.9075848460197449	8.66456472542465e-12	1.0	-0.00024450774071738124
1.0	0.17313019931316376	0.9999577403068542	1.0	0.0	1.0	2	0.0	0	0.0	0	0.9075849056243896	0.00010266112076351419	0.4198686480522156	0.41986849904060364	-0.00022191151219885796	-0.9075848460197449	8.66456472542465e-12	1.0	-0.00024450774071738124
0.6092691421508789	0.1737729161977768	1.8445584774017334	1.0	0.0	1.0	2	0.0	0	0.0	0	0.9075849056243896	0.00010266112076351419	0.4198686480522156	0.41986849904060364	-0.00022191151219885796	-0.9075848460197449	8.66456472542465e-12	1.0	-0.00024450774071738124
0.41316407918930054	0.0008997393888421357	2.317455768585205	1.0	0.0	1.0	2	0.0	0	0.0	0	0.8443524241447449	0.0001305971818510443	0.535788357257843	0.5357884168624878	-0.00020580891577992588	-0.8443522453308105	0.0	1.0	-0.00024374770873691887
0.13858556747436523	0.11204345524311066	2.750138759613037	1.0	0.0	1.0	2	0.0	0	0.0	0	0.8443524241447449	0.0001305971818510443	0.535788357257843	0.5357884168624878	-0.00020580891577992588	-0.8443522453308105	0.0	1.0	-0.00024374770873691887
0.13858556747436523	-0.0610867477953434	2.750180959701538	1.0	0.0	1.0	2	0.0	0	0.0	0	0.8443524241447449	0.0001305971818510443	0.535788357257843	0.5357884168624878	-0.00020580891577992588	-0.8443522453308105	0.0	1.0	-0.00024374770873691887
-0.1733657717704773	-0.6790995597839355	-2.6930782794952393	0.0	1.0	1.0	4	0.0	0	0.0	0	0.0	-0.0002437476796330884	-1.0	1.0	0.0	0.0	0.0	-1.0	0.0002437476796330884
-0.06968372315168381	-0.5059693455696106	-2.6931204795837402	0.5034416913986206	1.0	1.0	4	0.0	0	0.0	0	0.0	-0.0002437476796330884	-1.0	1.0	0.0	0.0	0.0	-1.0	0.0002437476796330884
-0.06968372315168381	-0.6790995597839355	-2.6930782794952393	0.5034416913986206	1.0	1.0	4	0.0	0	0.0	0	0.0	-0.0002437476796330884	-1.0	1.0	0.0	0.0	0.0	-1.0	0.0002437476796330884
-0.555243968963623	0.0006427134503610432	1.844600796699524	0.0	0.0	1.0	2	0.0	0	0.0	0	-0.8848192691802979	0.00011373087181709707	0.46593448519706726	0.46593430638313293	0.0002159773139283061	0.8848193883895874	0.0	1.0	-0.00024409200705122203
-1.0	0.17313019931316376	0.9999577403068542	0.0	0.0	1.0	2	0.0	0	0.0	0	-0.8848192691802979	0.00011373087181709707	0.46593448519706726	0.46593430638313293	0.0002159773139283061	0.8848193883895874	0.0	1.0	-0.00024409200705122203
-1.0	0.0	1.0	0.0	0.0	1.0	2	0.0	0	0.0	0	-0.8848192691802979	0.00011373087181709707	0.46593448519706726	0.46593430638313293	0.0002159773139283061	0.8848193883895874	0.0	1.0	-0.00024409200705122203
-0.3423847556114197	0.0008997393888421357	2.317455768585205	0.0	0.0	1.0	2	0.0	0	0.0	0	-0.8480566740036011	0.0001292123197345063	0.5299055576324463	0.5299054980278015	0.00020679036970250309	0.8480566740036011	-6.865334255951039e-12	1.0	-0.0002438402734696865
-0.0720072016119957	0.11204345524311066	2.750138759613037	0.0	0.0	1.0	2	0.0	0	0.0	0	-0.8480566740036011	0.0001292123197345063	0.5299055576324463	0.5299054980278015	0.00020679036970250309	0.8480566740036011	-6.865334255951039e-12	1.0	-0.0002438402734696865
-0.3423847556114197	0.17402993142604828	2.317413568496704	0.0	0.0	1.0	2	0.0	0	0.0	0	-0.8480566740036011	0.0001292123197345063	0.5299055576324463	0.5299054980278015	0.00020679036970250309	0.8480566740036011	-6.865334255951039e-12	1.0	-0.0002438402734696865
0.4580335021018982	-0.16912218928337097	-2.2521908283233643	1.0	1.0	0.5	4	0.5	2	0.0	0	-0.7329686880111694	0.645751416683197	0.2139206826686859	0.6802623867988586	0.6957838535308838	0.23049511015415192	-1.0952509121864296e-08	0.3144678771495819	-0.9492681622505188
0.032580696046352386	-0.5059693455696106	-2.6931204795837402	1.0	1.0	1.0	4	0.0	0	0.0	0	-0.7329686880111694	0.645751416683197	0.2139206826686859	0.6802623867988586	0.6957838535308838	0.23049511015415192	-1.0952509121864296e-08	0.3144678771495819	-0.9492681622505188
0.3717002868652344	-0.25680387020111084	-2.2833189964294434	1.0	1.0	1.0	4	0.0	0	0.0	0	-0.7329686880111694	0.645751416683197	0.2139206826686859	0.6802623867988586	0.6957838535308838	0.23049511015415192	-1.0952509121864296e-08	0.3144678771495819	-0.9492681622505188
0.41316407918930054	0.0008997393888421357	2.317455768585205	1.0	0.0	1.0	2	0.0	0	0.0	0	0.9237122535705566	9.339850657852367e-05	0.38308700919151306	0.38308706879615784	-0.00022520558559335768	-0.9237121939659119	0.0	1.0	-0.00024380494141951203
0.6092691421508789	0.1737729161977768	1.8445584774017334	1.0	0.0	1.0	2	0.0	0	0.0	0	0.9237122535705566	9.339850657852367e-05	0.38308700919151306	0.38308706879615784	-0.00022520558559335768	-0.9237121939659119	0.0	1.0	-0.00024380494141951203
0.41316407918930054	0.17402993142604828	2.317413568496704	1.0	0.0	1.0	2	0.0	0	0.0	0	0.9237122535705566	9.339850657852367e-05	0.38308700919151306	0.38308706879615784	-0.00022520558559335768	-0.9237121939659119	0.0	1.0	-0.00024380494141951203
-0.509702205657959	-0.4299340546131134	-2.2832767963409424	0.0	1.0	1.0	4	0.0	0	0.0	0	-0.7730370163917542	-0.00015462396549992263	-0.6343607902526855	0.634360671043396	-0.0001884259982034564	-0.7730370759963989	0.0	-0.9999999403953552	0.0002437476796330884
-0.1733657717704773	-0.5059693455696106	-2.6931204795837402	0.0	1.0	1.0	4	0.0	0	0.0	0	-0.7730370163917542	-0.00015462396549992263	-0.6343607902526855	0.634360671043396	-0.0001884259982034564	-0.7730370759963989	0.0	-0.9999999403953552	0.0002437476796330884
-0.1733657717704773	-0.6790995597839355	-2.6930782794952393	0.0	1.0	1.0	4	0.0	0	0.0	0	-0.7730370163917542	-0.00015462396549992263	-0.6343607902526855	0.634360671043396	-0.0001884259982034564	-0.7730370759963989	0.0	-0.9999999403953552	0.0002437476796330884
1.0	0.0	-1.0	1.0	1.0	1.0	2	0.0	0	0.0	0	0.9075685143470764	-0.00010269979247823358	-0.4199042022228241	0.41990432143211365	0.00022197223734110594	0.9075682759284973	0.0	-1.0	0.0002445790742058307
0.6354243159294128	0.004693582653999329	-1.7879842519760132	1.0	1.0	0.5	4	0.5	2	0.0	0	0.9075685143470764	-0.00010269979247823358	-0.4199042022228241	0.41990432143211365	0.00022197223734110594	0.9075682759284973	0.0	-1.0	0.0002445790742058307
1.0	0.17313019931316376	-1.0000423192977905	1.0	1.0	1.0	2	0.0	0	0.0	0	0.9075685143470764	-0.00010269979247823358	-0.4199042022228241	0.41990432143211365	0.00022197223734110594	0.9075682759284973	0.0	-1.0	0.0002445790742058307
0.032580696046352386	-0.5059693455696106	-2.6931204795837402	1.0	1.0	1.0	4	0.0	0	0.0	0	0.0	-0.0002437476796330884	-1.0	1.0	0.0	0.0	0.0	-1.0	0.0002437476796330884
0.032580696046352386	-0.6790995597839355	-2.6930782794952393	1.0	1.0	1.0	4	0.0	0	0.0	0	0.0	-0.0002437476796330884	-1.0	1.0	0.0	0.0	0.0	-1.0	0.0002437476796330884
-1.0	0.0	-1.0	0.0	1.0	1.0	2	0.0	0	0.0	0	-1.0	0.0	0.0	0.0	0.0	0.0	0.0	0.0	0.0
-1.0	0.17313019931316376	0.9999577403068542	0.0	0.0	1.0	2	0.0	0	0.0	0	-1.0	0.0	0.0	0.0	0.0	0.0	0.0	0.0	0.0
-1.0	0.17313019931316376	-1.0000423192977905	0.0	1.0	0.5	4	0.5	2	0.0	0	-1.0	0.0	0.0	0.0	0.0	0.0	0.0	0.0	0.0
-1.0	0.0	-1.0	0.0	1.0	1.0	2	0.0	0	0.0	0	-0.9116273522377014	-0.00010046765964943916	-0.41101783514022827	0.41101765632629395	-0.0002228347584605217	-0.9116272926330566	0.0	-0.9999999403953552	0.00024443623260594904
-0.6447286009788513	0.004693582653999329	-1.7879842519760132	0.0	1.0	0.5	4	0.5	2	0.0	0	-0.9116273522377014	-0.00010046765964943916	-0.41101783514022827	0.41101765632629395	-0.0002228347584605217	-0.9116272926330566	0.0	-0.9999999403953552	0.00024443623260594904
-0.6447286009788513	-0.16843661665916443	-1.7879419326782227	0.0	1.0	0.5	4	0.5	2	0.0	0	-0.9116273522377014	-0.00010046765964943916	-0.41101783514022827	0.41101765632629395	-0.0002228347584605217	-0.9116272926330566	0.0	-0.9999999403953552	0.00024443623260594904
0.13858556747436523	-0.0610867477953434	2.750180959701538	1.0	0.0	1.0	2	0.0	0	0.0	0	0.0	0.00024374770873691887	1.0	1.0	0.0	0.0	0.0	1.0	-0.00024374770873691887
0.034013982862234116	0.11204345524311066	2.750138759613037	0.5034416913986206	0.0	1.0	2	0.0	0	0.0	0	0.0	0.00024374770873691887	1.0	1.0	0.0	0.0	0.0	1.0	-0.00024374770873691887
-0.3423847556114197	0.0008997393888421357	2.317455768585205	0.0	0.0	1.0	2	0.0	0	0.0	0	-0.9118677973747253	0.000100337179901544	0.41048407554626465	0.4104840159416199	0.00022289353364612907	0.9118678569793701	0.0	1.0	-0.0002444362617097795
-0.555243968963623	0.1737729161977768	1.8445584774017334	0.0	0.0	1.0	2	0.0	0	0.0	0	-0.9118677973747253	0.000100337179901544	0.41048407554626465	0.4104840159416199	0.00022289353364612907	0.9118678569793701	0.0	1.0	-0.0002444362617097795
-0.555243968963623	0.0006427134503610432	1.844600796699524	0.0	0.0	1.0	2	0.0	0	0.0	0	-0.9118677973747253	0.000100337179901544	0.41048407554626465	0.4104840159416199	0.00022289353364612907	0.9118678569793701	0.0	1.0	-0.0002444362617097795
1.0	0.0	-1.0	1.0	1.0	1.0	2	0.0	0	0.0	0	1.0	0.0	0.0	0.0	0.0	0.0	0.0	0.0	0.0
1.0	0.17313019931316376	0.9999577403068542	1.0	0.0	1.0	2	0.0	0	0.0	0	1.0	0.0	0.0	0.0	0.0	0.0	0.0	0.0	0.0
1.0	0.0	1.0	1.0	0.0	1.0	2	0.0	0	0.0	0	1.0	0.0	0.0	0.0	0.0	0.0	0.0	0.0	0.0
0.6354243159294128	-0.16843661665916443	-1.7879419326782227	1.0	1.0	0.5	4	0.5	2	0.0	0	0.8827142119407654	-0.00011486677249195054	-0.46991032361984253	0.4699100852012634	0.0002157742128474638	0.8827142119407654	-7.741857502296945e-12	-1.0	0.000244444003328681
0.3717002868652344	-0.25680387020111084	-2.2833189964294434	1.0	1.0	1.0	4	0.0	0	0.0	0	0.8827142119407654	-0.00011486677249195054	-0.46991032361984253	0.4699100852012634	0.0002157742128474638	0.8827142119407654	-7.741857502296945e-12	-1.0	0.000244444003328681
0.6354243159294128	0.004693582653999329	-1.7879842519760132	1.0	1.0	0.5	4	0.5	2	0.0	0	0.8827142119407654	-0.00011486677249195054	-0.46991032361984253	0.4699100852012634	0.0002157742128474638	0.8827142119407654	-7.741857502296945e-12	-1.0	0.000244444003328681
0.09835731983184814	0.17402993142604828	2.317413568496704	0.5833402872085571	0.0	1.0	2	0.0	0	0.0	0	0.0	0.9999998807907104	-0.0005968796904198825	1.0	0.0	0.0	0.0	-0.0005968796904198825	-0.9999998807907104
-0.022377220913767815	0.17402993142604828	2.317413568496704	0.4421079158782959	0.0	1.0	2	0.0	0	0.0	0	0.0	0.9999998807907104	-0.0005968796904198825	1.0	0.0	0.0	0.0	-0.0005968796904198825	-0.9999998807907104
0.039007287472486496	0.1740659475326538	2.3777542114257812	0.5034416913986206	0.0	1.0	2	0.0	0	0.0	0	0.0	0.9999998807907104	-0.0005968796904198825	1.0	0.0	0.0	0.0	-0.0005968796904198825	-0.9999998807907104
-0.12634092569351196	-0.25680387020111084	-2.2833189964294434	0.43494462966918945	1.0	1.0	4	0.0	0	0.0	0	0.0	0.999998927116394	-0.0014763957588002086	1.0	0.0	0.0	0.0	-0.0014763957588002086	-0.999998927116394
-0.005593940615653992	-0.25680387020111084	-2.2833189964294434	0.5574234127998352	1.0	1.0	4	0.0	0	0.0	0	0.0	0.999998927116394	-0.0014763957588002086	1.0	0.0	0.0	0.0	-0.0014763957588002086	-0.999998927116394
-0.06341410428285599	-0.2568928897380829	-2.343614101409912	0.5034416913986206	1.0	1.0	4	0.0	0	0.0	0	0.0	0.999998927116394	-0.0014763957588002086	1.0	0.0	0.0	0.0	-0.0014763957588002086	-0.999998927116394
-0.005593940615653992	-0.25680387020111084	-2.2833189964294434	0.5719387531280518	1.0	1.0	4	0.0	0	0.0	0	0.0	0.9695356488227844	-0.24495038390159607	1.0	0.0	0.0	0.0	-0.24495038390159607	-0.9695356488227844
-0.10848753899335861	-0.12292598932981491	-1.7534183263778687	0.4562816619873047	1.0	1.0	4	0.0	0	0.0	0	0.0	0.9695356488227844	-0.24495038390159607	1.0	0.0	0.0	0.0	-0.24495038390159607	-0.9695356488227844
0.012256616726517677	-0.12292598932981491	-1.7534183263778687	0.5506017208099365	1.0	0.5	4	0.5	2	0.0	0	0.0	0.9695356488227844	-0.24495038390159607	1.0	0.0	0.0	0.0	-0.24495038390159607	-0.9695356488227844
0.012256616726517677	-0.12292598932981491	-1.7534183263778687	0.5506017804145813	1.0	0.5	4	0.5	2	0.0	0	0.0	0.9779061079025269	-0.20904485881328583	1.0	0.0	0.0	0.0	-0.20904485881328583	-0.9779061079025269
-0.10135547816753387	0.04551062732934952	-0.9654764533042908	0.473256915807724	1.0	0.5	4	0.5	2	0.0	0	0.0	0.9779061079025269	-0.20904485881328583	1.0	0.0	0.0	0.0	-0.20904485881328583	-0.9779061079025269
0.019383858889341354	0.04551062732934952	-0.9654764533042908	0.5336264967918396	1.0	0.5	4	0.5	2	0.0	0	0.0	0.9779061079025269	-0.20904485881328583	1.0	0.0	0.0	0.0	-0.20904485881328583	-0.9779061079025269
-0.07721646130084991	0.046153344213962555	1.879124402999878	0.4516022503376007	0.0	1.0	2	0.0	0	0.0	0	0.0	0.9999997615814209	-0.0007609710446558893	1.0	0.0	0.0	0.0	-0.0007609710446558893	-0.9999997615814209
0.019382622092962265	0.04551062732934952	1.034523606300354	0.5336259603500366	0.0	1.0	2	0.0	0	0.0	0	0.0	0.9999997615814209	-0.0007609710446558893	1.0	0.0	0.0	0.0	-0.0007609710446558893	-0.9999997615814209
-0.10135422646999359	0.04551062732934952	1.034523606300354	0.47325754165649414	0.0	1.0	2	0.0	0	0.0	0	0.0	0.9999997615814209	-0.0007609710446558893	1.0	0.0	0.0	0.0	-0.0007609710446558893	-0.9999997615814209
0.043519001454114914	0.046153344213962555	1.879124402999878	0.5552811622619629	0.0	1.0	2	0.0	0	0.0	0	0.0	0.9599751234054565	-0.2800852358341217	1.0	0.0	0.0	0.0	-0.2800852358341217	-0.9599751234054565
0.019383858889341354	0.04551062732934952	-0.9654764533042908	0.5336265563964844	1.0	0.5	4	0.5	2	0.0	0	0.0	1.0	0.0	1.0	0.0	0.0	0.0	0.0	-1.0
-0.10135422646999359	0.04551062732934952	1.034523606300354	0.47325757145881653	0.0	1.0	2	0.0	0	0.0	0	0.0	1.0	0.0	1.0	0.0	0.0	0.0	0.0	-1.0
0.019382622092962265	0.04551062732934952	1.034523606300354	0.5336259603500366	0.0	1.0	2	0.0	0	0.0	0	0.0	1.0	0.0	1.0	0.0	0.0	0.0	0.0	-1.0
0.019382622092962265	0.04551062732934952	1.034523606300354	0.5336259603500366	0.0	1.0	2	0.0	0	0.0	0	-0.13093626499176025	0.9894921779632568	-0.06132696941494942	0.9913908243179321	0.13068552315235138	-0.00809965655207634	0.0	-0.061859533190727234	-0.9980849027633667
0.6092691421508789	0.1737729161977768	1.8445584774017334	1.0	0.0	1.0	2	0.0	0	0.0	0	-0.13093626499176025	0.9894921779632568	-0.06132696941494942	0.9913908243179321	0.13068552315235138	-0.00809965655207634	0.0	-0.061859533190727234	-0.9980849027633667
1.0	0.17313019931316376	0.9999577403068542	1.0	0.0	1.0	2	0.0	0	0.0	0	-0.13093626499176025	0.9894921779632568	-0.06132696941494942	0.9913908243179321	0.13068552315235138	-0.00809965655207634	0.0	-0.061859533190727234	-0.9980849027633667
-1.860455870628357	0.04842600226402283	-2.744776964187622	0.5034416913986206	1.0	1.0	4	0.0	0	0.0	0	0.0	-1.0	0.0	-0.0026952705811709166	0.0	0.9999964237213135	-0.9999964237213135	0.0	-0.0026952705811709166
-3.9128990173339844	0.04842600226402283	-1.7325068712234497	1.0	0.0	1.0	4	0.0	0	0.0	0	0.0	-1.0	0.0	-0.00269527081400156	0.0	0.9999964237213135	-0.9999964237213135	0.0	-0.00269527081400156
-3.910155773162842	0.04842600226402283	-2.750302314758301	0.5034417510032654	0.0	1.0	4	0.0	0	0.0	0	0.0	-1.0	0.0	-0.0026952705811709166	0.0	0.9999964237213135	-0.9999964237213135	0.0	-0.0026952705811709166
-4.775811672210693	0.049084752798080444	-2.727898597717285	0.5034416913986206	0.0	1.0	4	0.0	0	0.0	0	-0.0005435167113319039	-0.9999998807907104	-1.4652914614998735e-06	0.9999999403953552	-0.0005435167695395648	-7.9641054862023e-10	-5.551115784870273e-17	-1.465291688873549e-06	1.0
-5.259385108947754	0.049348145723342896	-3.111889362335205	0.0	0.0	1.0	4	0.0	0	0.0	0	-0.0005435167113319039	-0.9999998807907104	-1.4652914614998735e-06	0.9999999403953552	-0.0005435167695395648	-7.9641054862023e-10	-5.551115784870273e-17	-1.465291688873549e-06	1.0
-4.774191856384277	0.049084752798080444	-3.3287320137023926	0.0	0.0	1.0	4	0.0	0	0.0	0	-0.0005435167113319039	-0.9999998807907104	-1.4652914614998735e-06	0.9999999403953552	-0.0005435167695395648	-7.9641054862023e-10	-5.551115784870273e-17	-1.465291688873549e-06	1.0
-5.260436058044434	0.049348145723342896	-2.722062110900879	0.5034416913986206	0.0	1.0	4	0.0	0	0.0	0	0.14179877936840057	-0.9898954033851624	0.0003822751750703901	0.9898955225944519	0.14179876446723938	-5.475947182276286e-05	0.0	0.00038617730024270713	0.9999999403953552
-5.703610420227051	-0.01417890191078186	-2.8359885215759277	0.0	0.0	1.0	4	0.0	0	0.0	0	0.14179877936840057	-0.9898954033851624	0.0003822751750703901	0.9898955225944519	0.14179876446723938	-5.475947182276286e-05	0.0	0.00038617730024270713	0.9999999403953552
-5.259385108947754	0.049348145723342896	-3.111889362335205	0.0	0.0	1.0	4	0.0	0	0.0	0	0.14179877936840057	-0.9898954033851624	0.0003822751750703901	0.9898955225944519	0.14179876446723938	-5.475947182276286e-05	0.0	0.00038617730024270713	0.9999999403953552
-3.910155773162842	0.04842600226402283	-2.750302314758301	0.5034417510032654	0.0	1.0	4	0.0	0	0.0	0	-0.0007610372267663479	-0.9999997615814209	-2.051642923106556e-06	0.9999997615814209	-0.0007610373431816697	-1.5613772497147238e-09	1.1102232893229526e-16	-2.0516433778539067e-06	1.0
-4.774191856384277	0.049084752798080444	-3.3287320137023926	0.0	0.0	1.0	4	0.0	0	0.0	0	-0.0007610372267663479	-0.9999997615814209	-2.051642923106556e-06	0.9999997615814209	-0.0007610373431816697	-1.5613772497147238e-09	1.1102232893229526e-16	-2.0516433778539067e-06	1.0
-3.9073739051818848	0.04842600226402283	-3.7822065353393555	0.0	0.0	1.0	4	0.0	0	0.0	0	-0.0007610372267663479	-0.9999997615814209	-2.051642923106556e-06	0.9999997615814209	-0.0007610373431816697	-1.5613772497147238e-09	1.1102232893229526e-16	-2.0516433778539067e-06	1.0
-1.860455870628357	0.04842600226402283	-2.744776964187622	0.5034416913986206	1.0	1.0	4	0.0	0	0.0	0	-0.20904405415058136	-0.9779060482978821	-0.0005635358393192291	0.9779062867164612	-0.20904402434825897	-0.00012046535994159058	7.44034348021394e-12	-0.0005762678338214755	0.9999998211860657
-1.0546704530715942	-0.12419679760932922	-2.098440408706665	1.0	1.0	1.0	4	0.0	0	0.0	0	-0.20904405415058136	-0.9779060482978821	-0.0005635358393192291	0.9779062867164612	-0.20904402434825897	-0.00012046535994159058	7.44034348021394e-12	-0.0005762678338214755	0.9999998211860657
-1.8631995916366577	0.04842600226402283	-1.7269816398620605	1.0	1.0	1.0	4	0.0	0	0.0	0	-0.20904405415058136	-0.9779060482978821	-0.0005635358393192291	0.9779062867164612	-0.20904402434825897	-0.00012046535994159058	7.44034348021394e-12	-0.0005762678338214755	0.9999998211860657
-1.0529143810272217	-0.12419679760932922	-2.7499072551727295	0.5034416913986206	1.0	1.0	4	0.0	0	0.0	0	-0.0014767436077818274	-0.999998927116394	-3.980586825491628e-06	0.9999989867210388	-0.0014767437241971493	-5.878313391605161e-09	4.440896863060954e-16	-3.980590918217786e-06	1.0
-0.5783945322036743	-0.12489941716194153	-2.278956651687622	1.0	1.0	1.0	4	0.0	0	0.0	0	-0.0014767436077818274	-0.999998927116394	-3.980586825491628e-06	0.9999989867210388	-0.0014767437241971493	-5.878313391605161e-09	4.440896863060954e-16	-3.980590918217786e-06	1.0
-1.0546704530715942	-0.12419679760932922	-2.098440408706665	1.0	1.0	1.0	4	0.0	0	0.0	0	-0.0014767436077818274	-0.999998927116394	-3.980586825491628e-06	0.9999989867210388	-0.0014767437241971493	-5.878313391605161e-09	4.440896863060954e-16	-3.980590918217786e-06	1.0
-0.5450886487960815	-0.392193466424942	-2.8158926963806152	0.5034416913986206	1.0	1.0	4	0.0	0	0.0	0	-0.5476912260055542	-0.7620621919631958	0.3453918993473053	0.8366805911064148	-0.4988460838794708	0.2260936051607132	0.0	0.41281217336654663	0.9108162522315979
-0.1253758668899536	-0.647551417350769	-2.713764190673828	1.0	1.0	1.0	4	0.0	0	0.0	0	-0.5476912260055542	-0.7620621919631958	0.3453918993473053	0.8366805911064148	-0.4988460838794708	0.2260936051607132	0.0	0.41281217336654663	0.9108162522315979
-0.5783945322036743	-0.12489941716194153	-2.278956651687622	1.0	1.0	1.0	4	0.0	0	0.0	0	-0.5476912260055542	-0.7620621919631958	0.3453918993473053	0.8366805911064148	-0.4988460838794708	0.2260936051607132	0.0	0.41281217336654663	0.9108162522315979
-0.12480700016021729	-0.647551417350769	-2.924828052520752	0.0	1.0	1.0	4	0.0	0	0.0	0	-0.5195204615592957	-0.854456901550293	-0.0014005242846906185	0.8544580340385437	-0.5195198059082031	-0.000851535121910274	-6.812232028474696e-11	-0.0016390791861340404	0.9999987483024597
-0.5450886487960815	-0.392193466424942	-2.8158926963806152	0.5034416913986206	1.0	1.0	4	0.0	0	0.0	0	-0.5195204615592957	-0.854456901550293	-0.0014005242846906185	0.8544580340385437	-0.5195198059082031	-0.000851535121910274	-6.812232028474696e-11	-0.0016390791861340404	0.9999987483024597
-0.5438627004623413	-0.392193466424942	-3.2706546783447266	0.0	1.0	1.0	4	0.0	0	0.0	0	-0.5195204615592957	-0.854456901550293	-0.0014005242846906185	0.8544580340385437	-0.5195198059082031	-0.000851535121910274	-6.812232028474696e-11	-0.0016390791861340404	0.9999987483024597
-0.5438627004623413	-0.392193466424942	-3.2706546783447266	0.0	1.0	1.0	4	0.0	0	0.0	0	-0.4668554365634918	-0.8843327760696411	-0.0012584225041791797	0.884333610534668	-0.4668549597263336	-0.0006643435917794704	0.0	-0.0014230177039280534	0.9999989867210388
-1.0529143810272217	-0.12419679760932922	-2.7499072551727295	0.5034416913986206	1.0	1.0	4	0.0	0	0.0	0	-0.4668554365634918	-0.8843327760696411	-0.0012584225041791797	0.884333610534668	-0.4668549597263336	-0.0006643435917794704	0.0	-0.0014230177039280534	0.9999989867210388
-1.0511339902877808	-0.12419679760932922	-3.410404920578003	0.0	1.0	0.5	4	0.5	3	0.0	0	-0.4668554365634918	-0.8843327760696411	-0.0012584225041791797	0.884333610534668	-0.4668549597263336	-0.0006643435917794704	0.0	-0.0014230177039280534	0.9999989867210388
-1.0511339902877808	-0.12419679760932922	-3.410404920578003	0.0	1.0	0.5	4	0.5	3	0.0	0	-0.20904406905174255	-0.9779060482978821	-0.000563456560485065	0.9779061675071716	-0.20904402434825897	-0.00012044840696034953	7.44034348021394e-12	-0.000576186750549823	0.9999998211860657
-1.860455870628357	0.04842600226402283	-2.744776964187622	0.5034416913986206	1.0	1.0	4	0.0	0	0.0	0	-0.20904406905174255	-0.9779060482978821	-0.000563456560485065	0.9779061675071716	-0.20904402434825897	-0.00012044840696034953	7.44034348021394e-12	-0.000576186750549823	0.9999998211860657
-1.857674479484558	0.04842600226402283	-3.776681423187256	0.0	1.0	0.5	4	0.5	3	0.0	0	-0.20904406905174255	-0.9779060482978821	-0.000563456560485065	0.9779061675071716	-0.20904402434825897	-0.00012044840696034953	7.44034348021394e-12	-0.000576186750549823	0.9999998211860657
-4.777409076690674	0.049084752798080444	-2.1352806091308594	1.0	0.0	1.0	4	0.0	0	0.0	0	-0.0007610370521433651	-0.9999997019767761	-2.051208412012784e-06	0.9999997615814209	-0.0007610371103510261	-1.5610461812087806e-09	1.1102234216718506e-16	-2.05120909413381e-06	1.0
-3.910155773162842	0.04842600226402283	-2.750302314758301	0.5034417510032654	0.0	1.0	4	0.0	0	0.0	0	-0.0007610370521433651	-0.9999997019767761	-2.051208412012784e-06	0.9999997615814209	-0.0007610371103510261	-1.5610461812087806e-09	1.1102234216718506e-16	-2.05120909413381e-06	1.0
-3.9128990173339844	0.04842600226402283	-1.7325068712234497	1.0	0.0	1.0	4	0.0	0	0.0	0	-0.0007610370521433651	-0.9999997019767761	-2.051208412012784e-06	0.9999997615814209	-0.0007610371103510261	-1.5610461812087806e-09	1.1102234216718506e-16	-2.05120909413381e-06	1.0
-5.704192161560059	-0.01417890191078186	-2.62016224861145	1.0	0.0	1.0	4	0.0	0	0.0	0	0.14179877936840057	-0.9898954629898071	0.00038212878280319273	0.9898955225944519	0.14179877936840057	-5.4738502512918785e-05	-3.6751140325419485e-12	0.000386029394576326	1.0
